0 0
1 1
2 4
3 9
4 16
5 25
6 36
7 49
8 64
9 81
10 1
11 2
12 5
13 10
14 17
15 26
16 37
17 50
18 65
19 82
20 4
21 5
22 8
23 13
24 20
25 29
26 40
27 53
28 68
29 85
30 9
31 10
32 13
33 18
34 25
35 34
36 45
37 58
38 73
39 90
40 16
41 17
42 20
43 25
44 32
45 41
46 52
47 65
48 80
49 97
50 25
51 26
52 29
53 34
54 41
55 50
56 61
57 74
58 89
59 106
60 36
61 37
62 40
63 45
64 52
65 61
66 72
67 85
68 100
69 117
70 49
71 50
72 53
73 58
74 65
75 74
76 85
77 98
78 113
79 130
80 64
81 65
82 68
83 73
84 80
85 89
86 100
87 113
88 128
89 145
90 81
91 82
92 85
93 90
94 97
95 106
96 117
97 130
98 145
99 162
100 1
101 2
102 5
103 10
104 17
105 26
106 37
107 50
108 65
109 82
110 2
111 3
112 6
113 11
114 18
115 27
116 38
117 51
118 66
119 83
120 5
121 6
122 9
123 14
124 21
125 30
126 41
127 54
128 69
129 86
130 10
131 11
132 14
133 19
134 26
135 35
136 46
137 59
138 74
139 91
140 17
141 18
142 21
143 26
144 33
145 42
146 53
147 66
148 81
149 98
150 26
151 27
152 30
153 35
154 42
155 51
156 62
157 75
158 90
159 107
160 37
161 38
162 41
163 46
164 53
165 62
166 73
167 86
168 101
169 118
170 50
171 51
172 54
173 59
174 66
175 75
176 86
177 99
178 114
179 131
180 65
181 66
182 69
183 74
184 81
185 90
186 101
187 114
188 129
189 146
190 82
191 83
192 86
193 91
194 98
195 107
196 118
197 131
198 146
199 163
200 4
201 5
202 8
203 13
204 20
205 29
206 40
207 53
208 68
209 85
210 5
211 6
212 9
213 14
214 21
215 30
216 41
217 54
218 69
219 86
220 8
221 9
222 12
223 17
224 24
225 33
226 44
227 57
228 72
229 89
230 13
231 14
232 17
233 22
234 29
235 38
236 49
237 62
238 77
239 94
240 20
241 21
242 24
243 29
244 36
245 45
246 56
247 69
248 84
249 101
250 29
251 30
252 33
253 38
254 45
255 54
256 65
257 78
258 93
259 110
260 40
261 41
262 44
263 49
264 56
265 65
266 76
267 89
268 104
269 121
270 53
271 54
272 57
273 62
274 69
275 78
276 89
277 102
278 117
279 134
280 68
281 69
282 72
283 77
284 84
285 93
286 104
287 117
288 132
289 149
290 85
291 86
292 89
293 94
294 101
295 110
296 121
297 134
298 149
299 166
300 9
301 10
302 13
303 18
304 25
305 34
306 45
307 58
308 73
309 90
310 10
311 11
312 14
313 19
314 26
315 35
316 46
317 59
318 74
319 91
320 13
321 14
322 17
323 22
324 29
325 38
326 49
327 62
328 77
329 94
330 18
331 19
332 22
333 27
334 34
335 43
336 54
337 67
338 82
339 99
340 25
341 26
342 29
343 34
344 41
345 50
346 61
347 74
348 89
349 106
350 34
351 35
352 38
353 43
354 50
355 59
356 70
357 83
358 98
359 115
360 45
361 46
362 49
363 54
364 61
365 70
366 81
367 94
368 109
369 126
370 58
371 59
372 62
373 67
374 74
375 83
376 94
377 107
378 122
379 139
380 73
381 74
382 77
383 82
384 89
385 98
386 109
387 122
388 137
389 154
390 90
391 91
392 94
393 99
394 106
395 115
396 126
397 139
398 154
399 171
400 16
401 17
402 20
403 25
404 32
405 41
406 52
407 65
408 80
409 97
410 17
411 18
412 21
413 26
414 33
415 42
416 53
417 66
418 81
419 98
420 20
421 21
422 24
423 29
424 36
425 45
426 56
427 69
428 84
429 101
430 25
431 26
432 29
433 34
434 41
435 50
436 61
437 74
438 89
439 106
440 32
441 33
442 36
443 41
444 48
445 57
446 68
447 81
448 96
449 113
450 41
451 42
452 45
453 50
454 57
455 66
456 77
457 90
458 105
459 122
460 52
461 53
462 56
463 61
464 68
465 77
466 88
467 101
468 116
469 133
470 65
471 66
472 69
473 74
474 81
475 90
476 101
477 114
478 129
479 146
480 80
481 81
482 84
483 89
484 96
485 105
486 116
487 129
488 144
489 161
490 97
491 98
492 101
493 106
494 113
495 122
496 133
497 146
498 161
499 178
500 25
501 26
502 29
503 34
504 41
505 50
506 61
507 74
508 89
509 106
510 26
511 27
512 30
513 35
514 42
515 51
516 62
517 75
518 90
519 107
520 29
521 30
522 33
523 38
524 45
525 54
526 65
527 78
528 93
529 110
530 34
531 35
532 38
533 43
534 50
535 59
536 70
537 83
538 98
539 115
540 41
541 42
542 45
543 50
544 57
545 66
546 77
547 90
548 105
549 122
550 50
551 51
552 54
553 59
554 66
555 75
556 86
557 99
558 114
559 131
560 61
561 62
562 65
563 70
564 77
565 86
566 97
567 110
568 125
569 142
570 74
571 75
572 78
573 83
574 90
575 99
576 110
577 123
578 138
579 155
580 89
581 90
582 93
583 98
584 105
585 114
586 125
587 138
588 153
589 170
590 106
591 107
592 110
593 115
594 122
595 131
596 142
597 155
598 170
599 187
600 36
601 37
602 40
603 45
604 52
605 61
606 72
607 85
608 100
609 117
610 37
611 38
612 41
613 46
614 53
615 62
616 73
617 86
618 101
619 118
620 40
621 41
622 44
623 49
624 56
625 65
626 76
627 89
628 104
629 121
630 45
631 46
632 49
633 54
634 61
635 70
636 81
637 94
638 109
639 126
640 52
641 53
642 56
643 61
644 68
645 77
646 88
647 101
648 116
649 133
650 61
651 62
652 65
653 70
654 77
655 86
656 97
657 110
658 125
659 142
660 72
661 73
662 76
663 81
664 88
665 97
666 108
667 121
668 136
669 153
670 85
671 86
672 89
673 94
674 101
675 110
676 121
677 134
678 149
679 166
680 100
681 101
682 104
683 109
684 116
685 125
686 136
687 149
688 164
689 181
690 117
691 118
692 121
693 126
694 133
695 142
696 153
697 166
698 181
699 198
700 49
701 50
702 53
703 58
704 65
705 74
706 85
707 98
708 113
709 130
710 50
711 51
712 54
713 59
714 66
715 75
716 86
717 99
718 114
719 131
720 53
721 54
722 57
723 62
724 69
725 78
726 89
727 102
728 117
729 134
730 58
731 59
732 62
733 67
734 74
735 83
736 94
737 107
738 122
739 139
740 65
741 66
742 69
743 74
744 81
745 90
746 101
747 114
748 129
749 146
750 74
751 75
752 78
753 83
754 90
755 99
756 110
757 123
758 138
759 155
760 85
761 86
762 89
763 94
764 101
765 110
766 121
767 134
768 149
769 166
770 98
771 99
772 102
773 107
774 114
775 123
776 134
777 147
778 162
779 179
780 113
781 114
782 117
783 122
784 129
785 138
786 149
787 162
788 177
789 194
790 130
791 131
792 134
793 139
794 146
795 155
796 166
797 179
798 194
799 211
800 64
801 65
802 68
803 73
804 80
805 89
806 100
807 113
808 128
809 145
810 65
811 66
812 69
813 74
814 81
815 90
816 101
817 114
818 129
819 146
820 68
821 69
822 72
823 77
824 84
825 93
826 104
827 117
828 132
829 149
830 73
831 74
832 77
833 82
834 89
835 98
836 109
837 122
838 137
839 154
840 80
841 81
842 84
843 89
844 96
845 105
846 116
847 129
848 144
849 161
850 89
851 90
852 93
853 98
854 105
855 114
856 125
857 138
858 153
859 170
860 100
861 101
862 104
863 109
864 116
865 125
866 136
867 149
868 164
869 181
870 113
871 114
872 117
873 122
874 129
875 138
876 149
877 162
878 177
879 194
880 128
881 129
882 132
883 137
884 144
885 153
886 164
887 177
888 192
889 209
890 145
891 146
892 149
893 154
894 161
895 170
896 181
897 194
898 209
899 226
900 81
901 82
902 85
903 90
904 97
905 106
906 117
907 130
908 145
909 162
910 82
911 83
912 86
913 91
914 98
915 107
916 118
917 131
918 146
919 163
920 85
921 86
922 89
923 94
924 101
925 110
926 121
927 134
928 149
929 166
930 90
931 91
932 94
933 99
934 106
935 115
936 126
937 139
938 154
939 171
940 97
941 98
942 101
943 106
944 113
945 122
946 133
947 146
948 161
949 178
950 106
951 107
952 110
953 115
954 122
955 131
956 142
957 155
958 170
959 187
960 117
961 118
962 121
963 126
964 133
965 142
966 153
967 166
968 181
969 198
970 130
971 131
972 134
973 139
974 146
975 155
976 166
977 179
978 194
979 211
980 145
981 146
982 149
983 154
984 161
985 170
986 181
987 194
988 209
989 226
990 162
991 163
992 166
993 171
994 178
995 187
996 198
997 211
998 226
999 243
1000 1
1001 2
1002 5
1003 10
1004 17
1005 26
1006 37
1007 50
1008 65
1009 82
1010 2
1011 3
1012 6
1013 11
1014 18
1015 27
1016 38
1017 51
1018 66
1019 83
1020 5
1021 6
1022 9
1023 14
1024 21
1025 30
1026 41
1027 54
1028 69
1029 86
1030 10
1031 11
1032 14
1033 19
1034 26
1035 35
1036 46
1037 59
1038 74
1039 91
1040 17
1041 18
1042 21
1043 26
1044 33
1045 42
1046 53
1047 66
1048 81
1049 98
1050 26
1051 27
1052 30
1053 35
1054 42
1055 51
1056 62
1057 75
1058 90
1059 107
1060 37
1061 38
1062 41
1063 46
1064 53
1065 62
1066 73
1067 86
1068 101
1069 118
1070 50
1071 51
1072 54
1073 59
1074 66
1075 75
1076 86
1077 99
1078 114
1079 131
1080 65
1081 66
1082 69
1083 74
1084 81
1085 90
1086 101
1087 114
1088 129
1089 146
1090 82
1091 83
1092 86
1093 91
1094 98
1095 107
1096 118
1097 131
1098 146
1099 163
1100 2
1101 3
1102 6
1103 11
1104 18
1105 27
1106 38
1107 51
1108 66
1109 83
1110 3
1111 4
1112 7
1113 12
1114 19
1115 28
1116 39
1117 52
1118 67
1119 84
1120 6
1121 7
1122 10
1123 15
1124 22
1125 31
1126 42
1127 55
1128 70
1129 87
1130 11
1131 12
1132 15
1133 20
1134 27
1135 36
1136 47
1137 60
1138 75
1139 92
1140 18
1141 19
1142 22
1143 27
1144 34
1145 43
1146 54
1147 67
1148 82
1149 99
1150 27
1151 28
1152 31
1153 36
1154 43
1155 52
1156 63
1157 76
1158 91
1159 108
1160 38
1161 39
1162 42
1163 47
1164 54
1165 63
1166 74
1167 87
1168 102
1169 119
1170 51
1171 52
1172 55
1173 60
1174 67
1175 76
1176 87
1177 100
1178 115
1179 132
1180 66
1181 67
1182 70
1183 75
1184 82
1185 91
1186 102
1187 115
1188 130
1189 147
1190 83
1191 84
1192 87
1193 92
1194 99
1195 108
1196 119
1197 132
1198 147
1199 164
1200 5
1201 6
1202 9
1203 14
1204 21
1205 30
1206 41
1207 54
1208 69
1209 86
1210 6
1211 7
1212 10
1213 15
1214 22
1215 31
1216 42
1217 55
1218 70
1219 87
1220 9
1221 10
1222 13
1223 18
1224 25
1225 34
1226 45
1227 58
1228 73
1229 90
1230 14
1231 15
1232 18
1233 23
1234 30
1235 39
1236 50
1237 63
1238 78
1239 95
1240 21
1241 22
1242 25
1243 30
1244 37
1245 46
1246 57
1247 70
1248 85
1249 102
1250 30
1251 31
1252 34
1253 39
1254 46
1255 55
1256 66
1257 79
1258 94
1259 111
1260 41
1261 42
1262 45
1263 50
1264 57
1265 66
1266 77
1267 90
1268 105
1269 122
1270 54
1271 55
1272 58
1273 63
1274 70
1275 79
1276 90
1277 103
1278 118
1279 135
1280 69
1281 70
1282 73
1283 78
1284 85
1285 94
1286 105
1287 118
1288 133
1289 150
1290 86
1291 87
1292 90
1293 95
1294 102
1295 111
1296 122
1297 135
1298 150
1299 167
1300 10
1301 11
1302 14
1303 19
1304 26
1305 35
1306 46
1307 59
1308 74
1309 91
1310 11
1311 12
1312 15
1313 20
1314 27
1315 36
1316 47
1317 60
1318 75
1319 92
1320 14
1321 15
1322 18
1323 23
1324 30
1325 39
1326 50
1327 63
1328 78
1329 95
1330 19
1331 20
1332 23
1333 28
1334 35
1335 44
1336 55
1337 68
1338 83
1339 100
1340 26
1341 27
1342 30
1343 35
1344 42
1345 51
1346 62
1347 75
1348 90
1349 107
1350 35
1351 36
1352 39
1353 44
1354 51
1355 60
1356 71
1357 84
1358 99
1359 116
1360 46
1361 47
1362 50
1363 55
1364 62
1365 71
1366 82
1367 95
1368 110
1369 127
1370 59
1371 60
1372 63
1373 68
1374 75
1375 84
1376 95
1377 108
1378 123
1379 140
1380 74
1381 75
1382 78
1383 83
1384 90
1385 99
1386 110
1387 123
1388 138
1389 155
1390 91
1391 92
1392 95
1393 100
1394 107
1395 116
1396 127
1397 140
1398 155
1399 172
1400 17
1401 18
1402 21
1403 26
1404 33
1405 42
1406 53
1407 66
1408 81
1409 98
1410 18
1411 19
1412 22
1413 27
1414 34
1415 43
1416 54
1417 67
1418 82
1419 99
1420 21
1421 22
1422 25
1423 30
1424 37
1425 46
1426 57
1427 70
1428 85
1429 102
1430 26
1431 27
1432 30
1433 35
1434 42
1435 51
1436 62
1437 75
1438 90
1439 107
1440 33
1441 34
1442 37
1443 42
1444 49
1445 58
1446 69
1447 82
1448 97
1449 114
1450 42
1451 43
1452 46
1453 51
1454 58
1455 67
1456 78
1457 91
1458 106
1459 123
1460 53
1461 54
1462 57
1463 62
1464 69
1465 78
1466 89
1467 102
1468 117
1469 134
1470 66
1471 67
1472 70
1473 75
1474 82
1475 91
1476 102
1477 115
1478 130
1479 147
1480 81
1481 82
1482 85
1483 90
1484 97
1485 106
1486 117
1487 130
1488 145
1489 162
1490 98
1491 99
1492 102
1493 107
1494 114
1495 123
1496 134
1497 147
1498 162
1499 179
1500 26
1501 27
1502 30
1503 35
1504 42
1505 51
1506 62
1507 75
1508 90
1509 107
1510 27
1511 28
1512 31
1513 36
1514 43
1515 52
1516 63
1517 76
1518 91
1519 108
1520 30
1521 31
1522 34
1523 39
1524 46
1525 55
1526 66
1527 79
1528 94
1529 111
1530 35
1531 36
1532 39
1533 44
1534 51
1535 60
1536 71
1537 84
1538 99
1539 116
1540 42
1541 43
1542 46
1543 51
1544 58
1545 67
1546 78
1547 91
1548 106
1549 123
1550 51
1551 52
1552 55
1553 60
1554 67
1555 76
1556 87
1557 100
1558 115
1559 132
1560 62
1561 63
1562 66
1563 71
1564 78
1565 87
1566 98
1567 111
1568 126
1569 143
1570 75
1571 76
1572 79
1573 84
1574 91
1575 100
1576 111
1577 124
1578 139
1579 156
1580 90
1581 91
1582 94
1583 99
1584 106
1585 115
1586 126
1587 139
1588 154
1589 171
1590 107
1591 108
1592 111
1593 116
1594 123
1595 132
1596 143
1597 156
1598 171
1599 188
1600 37
1601 38
1602 41
1603 46
1604 53
1605 62
1606 73
1607 86
1608 101
1609 118
1610 38
1611 39
1612 42
1613 47
1614 54
1615 63
1616 74
1617 87
1618 102
1619 119
1620 41
1621 42
1622 45
1623 50
1624 57
1625 66
1626 77
1627 90
1628 105
1629 122
1630 46
1631 47
1632 50
1633 55
1634 62
1635 71
1636 82
1637 95
1638 110
1639 127
1640 53
1641 54
1642 57
1643 62
1644 69
1645 78
1646 89
1647 102
1648 117
1649 134
1650 62
1651 63
1652 66
1653 71
1654 78
1655 87
1656 98
1657 111
1658 126
1659 143
1660 73
1661 74
1662 77
1663 82
1664 89
1665 98
1666 109
1667 122
1668 137
1669 154
1670 86
1671 87
1672 90
1673 95
1674 102
1675 111
1676 122
1677 135
1678 150
1679 167
1680 101
1681 102
1682 105
1683 110
1684 117
1685 126
1686 137
1687 150
1688 165
1689 182
1690 118
1691 119
1692 122
1693 127
1694 134
1695 143
1696 154
1697 167
1698 182
1699 199
1700 50
1701 51
1702 54
1703 59
1704 66
1705 75
1706 86
1707 99
1708 114
1709 131
1710 51
1711 52
1712 55
1713 60
1714 67
1715 76
1716 87
1717 100
1718 115
1719 132
1720 54
1721 55
1722 58
1723 63
1724 70
1725 79
1726 90
1727 103
1728 118
1729 135
1730 59
1731 60
1732 63
1733 68
1734 75
1735 84
1736 95
1737 108
1738 123
1739 140
1740 66
1741 67
1742 70
1743 75
1744 82
1745 91
1746 102
1747 115
1748 130
1749 147
1750 75
1751 76
1752 79
1753 84
1754 91
1755 100
1756 111
1757 124
1758 139
1759 156
1760 86
1761 87
1762 90
1763 95
1764 102
1765 111
1766 122
1767 135
1768 150
1769 167
1770 99
1771 100
1772 103
1773 108
1774 115
1775 124
1776 135
1777 148
1778 163
1779 180
1780 114
1781 115
1782 118
1783 123
1784 130
1785 139
1786 150
1787 163
1788 178
1789 195
1790 131
1791 132
1792 135
1793 140
1794 147
1795 156
1796 167
1797 180
1798 195
1799 212
1800 65
1801 66
1802 69
1803 74
1804 81
1805 90
1806 101
1807 114
1808 129
1809 146
1810 66
1811 67
1812 70
1813 75
1814 82
1815 91
1816 102
1817 115
1818 130
1819 147
1820 69
1821 70
1822 73
1823 78
1824 85
1825 94
1826 105
1827 118
1828 133
1829 150
1830 74
1831 75
1832 78
1833 83
1834 90
1835 99
1836 110
1837 123
1838 138
1839 155
1840 81
1841 82
1842 85
1843 90
1844 97
1845 106
1846 117
1847 130
1848 145
1849 162
1850 90
1851 91
1852 94
1853 99
1854 106
1855 115
1856 126
1857 139
1858 154
1859 171
1860 101
1861 102
1862 105
1863 110
1864 117
1865 126
1866 137
1867 150
1868 165
1869 182
1870 114
1871 115
1872 118
1873 123
1874 130
1875 139
1876 150
1877 163
1878 178
1879 195
1880 129
1881 130
1882 133
1883 138
1884 145
1885 154
1886 165
1887 178
1888 193
1889 210
1890 146
1891 147
1892 150
1893 155
1894 162
1895 171
1896 182
1897 195
1898 210
1899 227
1900 82
1901 83
1902 86
1903 91
1904 98
1905 107
1906 118
1907 131
1908 146
1909 163
1910 83
1911 84
1912 87
1913 92
1914 99
1915 108
1916 119
1917 132
1918 147
1919 164
1920 86
1921 87
1922 90
1923 95
1924 102
1925 111
1926 122
1927 135
1928 150
1929 167
1930 91
1931 92
1932 95
1933 100
1934 107
1935 116
1936 127
1937 140
1938 155
1939 172
1940 98
1941 99
1942 102
1943 107
1944 114
1945 123
1946 134
1947 147
1948 162
1949 179
1950 107
1951 108
1952 111
1953 116
1954 123
1955 132
1956 143
1957 156
1958 171
1959 188
1960 118
1961 119
1962 122
1963 127
1964 134
1965 143
1966 154
1967 167
1968 182
1969 199
1970 131
1971 132
1972 135
1973 140
1974 147
1975 156
1976 167
1977 180
1978 195
1979 212
1980 146
1981 147
1982 150
1983 155
1984 162
1985 171
1986 182
1987 195
1988 210
1989 227
1990 163
1991 164
1992 167
1993 172
1994 179
1995 188
1996 199
1997 212
1998 227
1999 244
2000 4
2001 5
2002 8
2003 13
2004 20
2005 29
2006 40
2007 53
2008 68
2009 85
2010 5
2011 6
2012 9
2013 14
2014 21
2015 30
2016 41
2017 54
2018 69
2019 86
2020 8
2021 9
2022 12
2023 17
2024 24
2025 33
2026 44
2027 57
2028 72
2029 89
2030 13
2031 14
2032 17
2033 22
2034 29
2035 38
2036 49
2037 62
2038 77
2039 94
2040 20
2041 21
2042 24
2043 29
2044 36
2045 45
2046 56
2047 69
2048 84
2049 101
2050 29
2051 30
2052 33
2053 38
2054 45
2055 54
2056 65
2057 78
2058 93
2059 110
2060 40
2061 41
2062 44
2063 49
2064 56
2065 65
2066 76
2067 89
2068 104
2069 121
2070 53
2071 54
2072 57
2073 62
2074 69
2075 78
2076 89
2077 102
2078 117
2079 134
2080 68
2081 69
2082 72
2083 77
2084 84
2085 93
2086 104
2087 117
2088 132
2089 149
2090 85
2091 86
2092 89
2093 94
2094 101
2095 110
2096 121
2097 134
2098 149
2099 166
2100 5
2101 6
2102 9
2103 14
2104 21
2105 30
2106 41
2107 54
2108 69
2109 86
2110 6
2111 7
2112 10
2113 15
2114 22
2115 31
2116 42
2117 55
2118 70
2119 87
2120 9
2121 10
2122 13
2123 18
2124 25
2125 34
2126 45
2127 58
2128 73
2129 90
2130 14
2131 15
2132 18
2133 23
2134 30
2135 39
2136 50
2137 63
2138 78
2139 95
2140 21
2141 22
2142 25
2143 30
2144 37
2145 46
2146 57
2147 70
2148 85
2149 102
2150 30
2151 31
2152 34
2153 39
2154 46
2155 55
2156 66
2157 79
2158 94
2159 111
2160 41
2161 42
2162 45
2163 50
2164 57
2165 66
2166 77
2167 90
2168 105
2169 122
2170 54
2171 55
2172 58
2173 63
2174 70
2175 79
2176 90
2177 103
2178 118
2179 135
2180 69
2181 70
2182 73
2183 78
2184 85
2185 94
2186 105
2187 118
2188 133
2189 150
2190 86
2191 87
2192 90
2193 95
2194 102
2195 111
2196 122
2197 135
2198 150
2199 167
2200 8
2201 9
2202 12
2203 17
2204 24
2205 33
2206 44
2207 57
2208 72
2209 89
2210 9
2211 10
2212 13
2213 18
2214 25
2215 34
2216 45
2217 58
2218 73
2219 90
2220 12
2221 13
2222 16
2223 21
2224 28
2225 37
2226 48
2227 61
2228 76
2229 93
2230 17
2231 18
2232 21
2233 26
2234 33
2235 42
2236 53
2237 66
2238 81
2239 98
2240 24
2241 25
2242 28
2243 33
2244 40
2245 49
2246 60
2247 73
2248 88
2249 105
2250 33
2251 34
2252 37
2253 42
2254 49
2255 58
2256 69
2257 82
2258 97
2259 114
2260 44
2261 45
2262 48
2263 53
2264 60
2265 69
2266 80
2267 93
2268 108
2269 125
2270 57
2271 58
2272 61
2273 66
2274 73
2275 82
2276 93
2277 106
2278 121
2279 138
2280 72
2281 73
2282 76
2283 81
2284 88
2285 97
2286 108
2287 121
2288 136
2289 153
2290 89
2291 90
2292 93
2293 98
2294 105
2295 114
2296 125
2297 138
2298 153
2299 170
2300 13
2301 14
2302 17
2303 22
2304 29
2305 38
2306 49
2307 62
2308 77
2309 94
2310 14
2311 15
2312 18
2313 23
2314 30
2315 39
2316 50
2317 63
2318 78
2319 95
2320 17
2321 18
2322 21
2323 26
2324 33
2325 42
2326 53
2327 66
2328 81
2329 98
2330 22
2331 23
2332 26
2333 31
2334 38
2335 47
2336 58
2337 71
2338 86
2339 103
2340 29
2341 30
2342 33
2343 38
2344 45
2345 54
2346 65
2347 78
2348 93
2349 110
2350 38
2351 39
2352 42
2353 47
2354 54
2355 63
2356 74
2357 87
2358 102
2359 119
2360 49
2361 50
2362 53
2363 58
2364 65
2365 74
2366 85
2367 98
2368 113
2369 130
2370 62
2371 63
2372 66
2373 71
2374 78
2375 87
2376 98
2377 111
2378 126
2379 143
2380 77
2381 78
2382 81
2383 86
2384 93
2385 102
2386 113
2387 126
2388 141
2389 158
2390 94
2391 95
2392 98
2393 103
2394 110
2395 119
2396 130
2397 143
2398 158
2399 175
2400 20
2401 21
2402 24
2403 29
2404 36
2405 45
2406 56
2407 69
2408 84
2409 101
2410 21
2411 22
2412 25
2413 30
2414 37
2415 46
2416 57
2417 70
2418 85
2419 102
2420 24
2421 25
2422 28
2423 33
2424 40
2425 49
2426 60
2427 73
2428 88
2429 105
2430 29
2431 30
2432 33
2433 38
2434 45
2435 54
2436 65
2437 78
2438 93
2439 110
2440 36
2441 37
2442 40
2443 45
2444 52
2445 61
2446 72
2447 85
2448 100
2449 117
2450 45
2451 46
2452 49
2453 54
2454 61
2455 70
2456 81
2457 94
2458 109
2459 126
2460 56
2461 57
2462 60
2463 65
2464 72
2465 81
2466 92
2467 105
2468 120
2469 137
2470 69
2471 70
2472 73
2473 78
2474 85
2475 94
2476 105
2477 118
2478 133
2479 150
2480 84
2481 85
2482 88
2483 93
2484 100
2485 109
2486 120
2487 133
2488 148
2489 165
2490 101
2491 102
2492 105
2493 110
2494 117
2495 126
2496 137
2497 150
2498 165
2499 182
2500 29
2501 30
2502 33
2503 38
2504 45
2505 54
2506 65
2507 78
2508 93
2509 110
2510 30
2511 31
2512 34
2513 39
2514 46
2515 55
2516 66
2517 79
2518 94
2519 111
2520 33
2521 34
2522 37
2523 42
2524 49
2525 58
2526 69
2527 82
2528 97
2529 114
2530 38
2531 39
2532 42
2533 47
2534 54
2535 63
2536 74
2537 87
2538 102
2539 119
2540 45
2541 46
2542 49
2543 54
2544 61
2545 70
2546 81
2547 94
2548 109
2549 126
2550 54
2551 55
2552 58
2553 63
2554 70
2555 79
2556 90
2557 103
2558 118
2559 135
2560 65
2561 66
2562 69
2563 74
2564 81
2565 90
2566 101
2567 114
2568 129
2569 146
2570 78
2571 79
2572 82
2573 87
2574 94
2575 103
2576 114
2577 127
2578 142
2579 159
2580 93
2581 94
2582 97
2583 102
2584 109
2585 118
2586 129
2587 142
2588 157
2589 174
2590 110
2591 111
2592 114
2593 119
2594 126
2595 135
2596 146
2597 159
2598 174
2599 191
2600 40
2601 41
2602 44
2603 49
2604 56
2605 65
2606 76
2607 89
2608 104
2609 121
2610 41
2611 42
2612 45
2613 50
2614 57
2615 66
2616 77
2617 90
2618 105
2619 122
2620 44
2621 45
2622 48
2623 53
2624 60
2625 69
2626 80
2627 93
2628 108
2629 125
2630 49
2631 50
2632 53
2633 58
2634 65
2635 74
2636 85
2637 98
2638 113
2639 130
2640 56
2641 57
2642 60
2643 65
2644 72
2645 81
2646 92
2647 105
2648 120
2649 137
2650 65
2651 66
2652 69
2653 74
2654 81
2655 90
2656 101
2657 114
2658 129
2659 146
2660 76
2661 77
2662 80
2663 85
2664 92
2665 101
2666 112
2667 125
2668 140
2669 157
2670 89
2671 90
2672 93
2673 98
2674 105
2675 114
2676 125
2677 138
2678 153
2679 170
2680 104
2681 105
2682 108
2683 113
2684 120
2685 129
2686 140
2687 153
2688 168
2689 185
2690 121
2691 122
2692 125
2693 130
2694 137
2695 146
2696 157
2697 170
2698 185
2699 202
2700 53
2701 54
2702 57
2703 62
2704 69
2705 78
2706 89
2707 102
2708 117
2709 134
2710 54
2711 55
2712 58
2713 63
2714 70
2715 79
2716 90
2717 103
2718 118
2719 135
2720 57
2721 58
2722 61
2723 66
2724 73
2725 82
2726 93
2727 106
2728 121
2729 138
2730 62
2731 63
2732 66
2733 71
2734 78
2735 87
2736 98
2737 111
2738 126
2739 143
2740 69
2741 70
2742 73
2743 78
2744 85
2745 94
2746 105
2747 118
2748 133
2749 150
2750 78
2751 79
2752 82
2753 87
2754 94
2755 103
2756 114
2757 127
2758 142
2759 159
2760 89
2761 90
2762 93
2763 98
2764 105
2765 114
2766 125
2767 138
2768 153
2769 170
2770 102
2771 103
2772 106
2773 111
2774 118
2775 127
2776 138
2777 151
2778 166
2779 183
2780 117
2781 118
2782 121
2783 126
2784 133
2785 142
2786 153
2787 166
2788 181
2789 198
2790 134
2791 135
2792 138
2793 143
2794 150
2795 159
2796 170
2797 183
2798 198
2799 215
2800 68
2801 69
2802 72
2803 77
2804 84
2805 93
2806 104
2807 117
2808 132
2809 149
2810 69
2811 70
2812 73
2813 78
2814 85
2815 94
2816 105
2817 118
2818 133
2819 150
2820 72
2821 73
2822 76
2823 81
2824 88
2825 97
2826 108
2827 121
2828 136
2829 153
2830 77
2831 78
2832 81
2833 86
2834 93
2835 102
2836 113
2837 126
2838 141
2839 158
2840 84
2841 85
2842 88
2843 93
2844 100
2845 109
2846 120
2847 133
2848 148
2849 165
2850 93
2851 94
2852 97
2853 102
2854 109
2855 118
2856 129
2857 142
2858 157
2859 174
2860 104
2861 105
2862 108
2863 113
2864 120
2865 129
2866 140
2867 153
2868 168
2869 185
2870 117
2871 118
2872 121
2873 126
2874 133
2875 142
2876 153
2877 166
2878 181
2879 198
2880 132
2881 133
2882 136
2883 141
2884 148
2885 157
2886 168
2887 181
2888 196
2889 213
2890 149
2891 150
2892 153
2893 158
2894 165
2895 174
2896 185
2897 198
2898 213
2899 230
2900 85
2901 86
2902 89
2903 94
2904 101
2905 110
2906 121
2907 134
2908 149
2909 166
2910 86
2911 87
2912 90
2913 95
2914 102
2915 111
2916 122
2917 135
2918 150
2919 167
2920 89
2921 90
2922 93
2923 98
2924 105
2925 114
2926 125
2927 138
2928 153
2929 170
2930 94
2931 95
2932 98
2933 103
2934 110
2935 119
2936 130
2937 143
2938 158
2939 175
2940 101
2941 102
2942 105
2943 110
2944 117
2945 126
2946 137
2947 150
2948 165
2949 182
2950 110
2951 111
2952 114
2953 119
2954 126
2955 135
2956 146
2957 159
2958 174
2959 191
2960 121
2961 122
2962 125
2963 130
2964 137
2965 146
2966 157
2967 170
2968 185
2969 202
2970 134
2971 135
2972 138
2973 143
2974 150
2975 159
2976 170
2977 183
2978 198
2979 215
2980 149
2981 150
2982 153
2983 158
2984 165
2985 174
2986 185
2987 198
2988 213
2989 230
2990 166
2991 167
2992 170
2993 175
2994 182
2995 191
2996 202
2997 215
2998 230
2999 247
3000 9
3001 10
3002 13
3003 18
3004 25
3005 34
3006 45
3007 58
3008 73
3009 90
3010 10
3011 11
3012 14
3013 19
3014 26
3015 35
3016 46
3017 59
3018 74
3019 91
3020 13
3021 14
3022 17
3023 22
3024 29
3025 38
3026 49
3027 62
3028 77
3029 94
3030 18
3031 19
3032 22
3033 27
3034 34
3035 43
3036 54
3037 67
3038 82
3039 99
3040 25
3041 26
3042 29
3043 34
3044 41
3045 50
3046 61
3047 74
3048 89
3049 106
3050 34
3051 35
3052 38
3053 43
3054 50
3055 59
3056 70
3057 83
3058 98
3059 115
3060 45
3061 46
3062 49
3063 54
3064 61
3065 70
3066 81
3067 94
3068 109
3069 126
3070 58
3071 59
3072 62
3073 67
3074 74
3075 83
3076 94
3077 107
3078 122
3079 139
3080 73
3081 74
3082 77
3083 82
3084 89
3085 98
3086 109
3087 122
3088 137
3089 154
3090 90
3091 91
3092 94
3093 99
3094 106
3095 115
3096 126
3097 139
3098 154
3099 171
3100 10
3101 11
3102 14
3103 19
3104 26
3105 35
3106 46
3107 59
3108 74
3109 91
3110 11
3111 12
3112 15
3113 20
3114 27
3115 36
3116 47
3117 60
3118 75
3119 92
3120 14
3121 15
3122 18
3123 23
3124 30
3125 39
3126 50
3127 63
3128 78
3129 95
3130 19
3131 20
3132 23
3133 28
3134 35
3135 44
3136 55
3137 68
3138 83
3139 100
3140 26
3141 27
3142 30
3143 35
3144 42
3145 51
3146 62
3147 75
3148 90
3149 107
3150 35
3151 36
3152 39
3153 44
3154 51
3155 60
3156 71
3157 84
3158 99
3159 116
3160 46
3161 47
3162 50
3163 55
3164 62
3165 71
3166 82
3167 95
3168 110
3169 127
3170 59
3171 60
3172 63
3173 68
3174 75
3175 84
3176 95
3177 108
3178 123
3179 140
3180 74
3181 75
3182 78
3183 83
3184 90
3185 99
3186 110
3187 123
3188 138
3189 155
3190 91
3191 92
3192 95
3193 100
3194 107
3195 116
3196 127
3197 140
3198 155
3199 172
3200 13
3201 14
3202 17
3203 22
3204 29
3205 38
3206 49
3207 62
3208 77
3209 94
3210 14
3211 15
3212 18
3213 23
3214 30
3215 39
3216 50
3217 63
3218 78
3219 95
3220 17
3221 18
3222 21
3223 26
3224 33
3225 42
3226 53
3227 66
3228 81
3229 98
3230 22
3231 23
3232 26
3233 31
3234 38
3235 47
3236 58
3237 71
3238 86
3239 103
3240 29
3241 30
3242 33
3243 38
3244 45
3245 54
3246 65
3247 78
3248 93
3249 110
3250 38
3251 39
3252 42
3253 47
3254 54
3255 63
3256 74
3257 87
3258 102
3259 119
3260 49
3261 50
3262 53
3263 58
3264 65
3265 74
3266 85
3267 98
3268 113
3269 130
3270 62
3271 63
3272 66
3273 71
3274 78
3275 87
3276 98
3277 111
3278 126
3279 143
3280 77
3281 78
3282 81
3283 86
3284 93
3285 102
3286 113
3287 126
3288 141
3289 158
3290 94
3291 95
3292 98
3293 103
3294 110
3295 119
3296 130
3297 143
3298 158
3299 175
3300 18
3301 19
3302 22
3303 27
3304 34
3305 43
3306 54
3307 67
3308 82
3309 99
3310 19
3311 20
3312 23
3313 28
3314 35
3315 44
3316 55
3317 68
3318 83
3319 100
3320 22
3321 23
3322 26
3323 31
3324 38
3325 47
3326 58
3327 71
3328 86
3329 103
3330 27
3331 28
3332 31
3333 36
3334 43
3335 52
3336 63
3337 76
3338 91
3339 108
3340 34
3341 35
3342 38
3343 43
3344 50
3345 59
3346 70
3347 83
3348 98
3349 115
3350 43
3351 44
3352 47
3353 52
3354 59
3355 68
3356 79
3357 92
3358 107
3359 124
3360 54
3361 55
3362 58
3363 63
3364 70
3365 79
3366 90
3367 103
3368 118
3369 135
3370 67
3371 68
3372 71
3373 76
3374 83
3375 92
3376 103
3377 116
3378 131
3379 148
3380 82
3381 83
3382 86
3383 91
3384 98
3385 107
3386 118
3387 131
3388 146
3389 163
3390 99
3391 100
3392 103
3393 108
3394 115
3395 124
3396 135
3397 148
3398 163
3399 180
3400 25
3401 26
3402 29
3403 34
3404 41
3405 50
3406 61
3407 74
3408 89
3409 106
3410 26
3411 27
3412 30
3413 35
3414 42
3415 51
3416 62
3417 75
3418 90
3419 107
3420 29
3421 30
3422 33
3423 38
3424 45
3425 54
3426 65
3427 78
3428 93
3429 110
3430 34
3431 35
3432 38
3433 43
3434 50
3435 59
3436 70
3437 83
3438 98
3439 115
3440 41
3441 42
3442 45
3443 50
3444 57
3445 66
3446 77
3447 90
3448 105
3449 122
3450 50
3451 51
3452 54
3453 59
3454 66
3455 75
3456 86
3457 99
3458 114
3459 131
3460 61
3461 62
3462 65
3463 70
3464 77
3465 86
3466 97
3467 110
3468 125
3469 142
3470 74
3471 75
3472 78
3473 83
3474 90
3475 99
3476 110
3477 123
3478 138
3479 155
3480 89
3481 90
3482 93
3483 98
3484 105
3485 114
3486 125
3487 138
3488 153
3489 170
3490 106
3491 107
3492 110
3493 115
3494 122
3495 131
3496 142
3497 155
3498 170
3499 187
3500 34
3501 35
3502 38
3503 43
3504 50
3505 59
3506 70
3507 83
3508 98
3509 115
3510 35
3511 36
3512 39
3513 44
3514 51
3515 60
3516 71
3517 84
3518 99
3519 116
3520 38
3521 39
3522 42
3523 47
3524 54
3525 63
3526 74
3527 87
3528 102
3529 119
3530 43
3531 44
3532 47
3533 52
3534 59
3535 68
3536 79
3537 92
3538 107
3539 124
3540 50
3541 51
3542 54
3543 59
3544 66
3545 75
3546 86
3547 99
3548 114
3549 131
3550 59
3551 60
3552 63
3553 68
3554 75
3555 84
3556 95
3557 108
3558 123
3559 140
3560 70
3561 71
3562 74
3563 79
3564 86
3565 95
3566 106
3567 119
3568 134
3569 151
3570 83
3571 84
3572 87
3573 92
3574 99
3575 108
3576 119
3577 132
3578 147
3579 164
3580 98
3581 99
3582 102
3583 107
3584 114
3585 123
3586 134
3587 147
3588 162
3589 179
3590 115
3591 116
3592 119
3593 124
3594 131
3595 140
3596 151
3597 164
3598 179
3599 196
3600 45
3601 46
3602 49
3603 54
3604 61
3605 70
3606 81
3607 94
3608 109
3609 126
3610 46
3611 47
3612 50
3613 55
3614 62
3615 71
3616 82
3617 95
3618 110
3619 127
3620 49
3621 50
3622 53
3623 58
3624 65
3625 74
3626 85
3627 98
3628 113
3629 130
3630 54
3631 55
3632 58
3633 63
3634 70
3635 79
3636 90
3637 103
3638 118
3639 135
3640 61
3641 62
3642 65
3643 70
3644 77
3645 86
3646 97
3647 110
3648 125
3649 142
3650 70
3651 71
3652 74
3653 79
3654 86
3655 95
3656 106
3657 119
3658 134
3659 151
3660 81
3661 82
3662 85
3663 90
3664 97
3665 106
3666 117
3667 130
3668 145
3669 162
3670 94
3671 95
3672 98
3673 103
3674 110
3675 119
3676 130
3677 143
3678 158
3679 175
3680 109
3681 110
3682 113
3683 118
3684 125
3685 134
3686 145
3687 158
3688 173
3689 190
3690 126
3691 127
3692 130
3693 135
3694 142
3695 151
3696 162
3697 175
3698 190
3699 207
3700 58
3701 59
3702 62
3703 67
3704 74
3705 83
3706 94
3707 107
3708 122
3709 139
3710 59
3711 60
3712 63
3713 68
3714 75
3715 84
3716 95
3717 108
3718 123
3719 140
3720 62
3721 63
3722 66
3723 71
3724 78
3725 87
3726 98
3727 111
3728 126
3729 143
3730 67
3731 68
3732 71
3733 76
3734 83
3735 92
3736 103
3737 116
3738 131
3739 148
3740 74
3741 75
3742 78
3743 83
3744 90
3745 99
3746 110
3747 123
3748 138
3749 155
3750 83
3751 84
3752 87
3753 92
3754 99
3755 108
3756 119
3757 132
3758 147
3759 164
3760 94
3761 95
3762 98
3763 103
3764 110
3765 119
3766 130
3767 143
3768 158
3769 175
3770 107
3771 108
3772 111
3773 116
3774 123
3775 132
3776 143
3777 156
3778 171
3779 188
3780 122
3781 123
3782 126
3783 131
3784 138
3785 147
3786 158
3787 171
3788 186
3789 203
3790 139
3791 140
3792 143
3793 148
3794 155
3795 164
3796 175
3797 188
3798 203
3799 220
3800 73
3801 74
3802 77
3803 82
3804 89
3805 98
3806 109
3807 122
3808 137
3809 154
3810 74
3811 75
3812 78
3813 83
3814 90
3815 99
3816 110
3817 123
3818 138
3819 155
3820 77
3821 78
3822 81
3823 86
3824 93
3825 102
3826 113
3827 126
3828 141
3829 158
3830 82
3831 83
3832 86
3833 91
3834 98
3835 107
3836 118
3837 131
3838 146
3839 163
3840 89
3841 90
3842 93
3843 98
3844 105
3845 114
3846 125
3847 138
3848 153
3849 170
3850 98
3851 99
3852 102
3853 107
3854 114
3855 123
3856 134
3857 147
3858 162
3859 179
3860 109
3861 110
3862 113
3863 118
3864 125
3865 134
3866 145
3867 158
3868 173
3869 190
3870 122
3871 123
3872 126
3873 131
3874 138
3875 147
3876 158
3877 171
3878 186
3879 203
3880 137
3881 138
3882 141
3883 146
3884 153
3885 162
3886 173
3887 186
3888 201
3889 218
3890 154
3891 155
3892 158
3893 163
3894 170
3895 179
3896 190
3897 203
3898 218
3899 235
3900 90
3901 91
3902 94
3903 99
3904 106
3905 115
3906 126
3907 139
3908 154
3909 171
3910 91
3911 92
3912 95
3913 100
3914 107
3915 116
3916 127
3917 140
3918 155
3919 172
3920 94
3921 95
3922 98
3923 103
3924 110
3925 119
3926 130
3927 143
3928 158
3929 175
3930 99
3931 100
3932 103
3933 108
3934 115
3935 124
3936 135
3937 148
3938 163
3939 180
3940 106
3941 107
3942 110
3943 115
3944 122
3945 131
3946 142
3947 155
3948 170
3949 187
3950 115
3951 116
3952 119
3953 124
3954 131
3955 140
3956 151
3957 164
3958 179
3959 196
3960 126
3961 127
3962 130
3963 135
3964 142
3965 151
3966 162
3967 175
3968 190
3969 207
3970 139
3971 140
3972 143
3973 148
3974 155
3975 164
3976 175
3977 188
3978 203
3979 220
3980 154
3981 155
3982 158
3983 163
3984 170
3985 179
3986 190
3987 203
3988 218
3989 235
3990 171
3991 172
3992 175
3993 180
3994 187
3995 196
3996 207
3997 220
3998 235
3999 252
4000 16
4001 17
4002 20
4003 25
4004 32
4005 41
4006 52
4007 65
4008 80
4009 97
4010 17
4011 18
4012 21
4013 26
4014 33
4015 42
4016 53
4017 66
4018 81
4019 98
4020 20
4021 21
4022 24
4023 29
4024 36
4025 45
4026 56
4027 69
4028 84
4029 101
4030 25
4031 26
4032 29
4033 34
4034 41
4035 50
4036 61
4037 74
4038 89
4039 106
4040 32
4041 33
4042 36
4043 41
4044 48
4045 57
4046 68
4047 81
4048 96
4049 113
4050 41
4051 42
4052 45
4053 50
4054 57
4055 66
4056 77
4057 90
4058 105
4059 122
4060 52
4061 53
4062 56
4063 61
4064 68
4065 77
4066 88
4067 101
4068 116
4069 133
4070 65
4071 66
4072 69
4073 74
4074 81
4075 90
4076 101
4077 114
4078 129
4079 146
4080 80
4081 81
4082 84
4083 89
4084 96
4085 105
4086 116
4087 129
4088 144
4089 161
4090 97
4091 98
4092 101
4093 106
4094 113
4095 122
4096 133
4097 146
4098 161
4099 178
4100 17
4101 18
4102 21
4103 26
4104 33
4105 42
4106 53
4107 66
4108 81
4109 98
4110 18
4111 19
4112 22
4113 27
4114 34
4115 43
4116 54
4117 67
4118 82
4119 99
4120 21
4121 22
4122 25
4123 30
4124 37
4125 46
4126 57
4127 70
4128 85
4129 102
4130 26
4131 27
4132 30
4133 35
4134 42
4135 51
4136 62
4137 75
4138 90
4139 107
4140 33
4141 34
4142 37
4143 42
4144 49
4145 58
4146 69
4147 82
4148 97
4149 114
4150 42
4151 43
4152 46
4153 51
4154 58
4155 67
4156 78
4157 91
4158 106
4159 123
4160 53
4161 54
4162 57
4163 62
4164 69
4165 78
4166 89
4167 102
4168 117
4169 134
4170 66
4171 67
4172 70
4173 75
4174 82
4175 91
4176 102
4177 115
4178 130
4179 147
4180 81
4181 82
4182 85
4183 90
4184 97
4185 106
4186 117
4187 130
4188 145
4189 162
4190 98
4191 99
4192 102
4193 107
4194 114
4195 123
4196 134
4197 147
4198 162
4199 179
4200 20
4201 21
4202 24
4203 29
4204 36
4205 45
4206 56
4207 69
4208 84
4209 101
4210 21
4211 22
4212 25
4213 30
4214 37
4215 46
4216 57
4217 70
4218 85
4219 102
4220 24
4221 25
4222 28
4223 33
4224 40
4225 49
4226 60
4227 73
4228 88
4229 105
4230 29
4231 30
4232 33
4233 38
4234 45
4235 54
4236 65
4237 78
4238 93
4239 110
4240 36
4241 37
4242 40
4243 45
4244 52
4245 61
4246 72
4247 85
4248 100
4249 117
4250 45
4251 46
4252 49
4253 54
4254 61
4255 70
4256 81
4257 94
4258 109
4259 126
4260 56
4261 57
4262 60
4263 65
4264 72
4265 81
4266 92
4267 105
4268 120
4269 137
4270 69
4271 70
4272 73
4273 78
4274 85
4275 94
4276 105
4277 118
4278 133
4279 150
4280 84
4281 85
4282 88
4283 93
4284 100
4285 109
4286 120
4287 133
4288 148
4289 165
4290 101
4291 102
4292 105
4293 110
4294 117
4295 126
4296 137
4297 150
4298 165
4299 182
4300 25
4301 26
4302 29
4303 34
4304 41
4305 50
4306 61
4307 74
4308 89
4309 106
4310 26
4311 27
4312 30
4313 35
4314 42
4315 51
4316 62
4317 75
4318 90
4319 107
4320 29
4321 30
4322 33
4323 38
4324 45
4325 54
4326 65
4327 78
4328 93
4329 110
4330 34
4331 35
4332 38
4333 43
4334 50
4335 59
4336 70
4337 83
4338 98
4339 115
4340 41
4341 42
4342 45
4343 50
4344 57
4345 66
4346 77
4347 90
4348 105
4349 122
4350 50
4351 51
4352 54
4353 59
4354 66
4355 75
4356 86
4357 99
4358 114
4359 131
4360 61
4361 62
4362 65
4363 70
4364 77
4365 86
4366 97
4367 110
4368 125
4369 142
4370 74
4371 75
4372 78
4373 83
4374 90
4375 99
4376 110
4377 123
4378 138
4379 155
4380 89
4381 90
4382 93
4383 98
4384 105
4385 114
4386 125
4387 138
4388 153
4389 170
4390 106
4391 107
4392 110
4393 115
4394 122
4395 131
4396 142
4397 155
4398 170
4399 187
4400 32
4401 33
4402 36
4403 41
4404 48
4405 57
4406 68
4407 81
4408 96
4409 113
4410 33
4411 34
4412 37
4413 42
4414 49
4415 58
4416 69
4417 82
4418 97
4419 114
4420 36
4421 37
4422 40
4423 45
4424 52
4425 61
4426 72
4427 85
4428 100
4429 117
4430 41
4431 42
4432 45
4433 50
4434 57
4435 66
4436 77
4437 90
4438 105
4439 122
4440 48
4441 49
4442 52
4443 57
4444 64
4445 73
4446 84
4447 97
4448 112
4449 129
4450 57
4451 58
4452 61
4453 66
4454 73
4455 82
4456 93
4457 106
4458 121
4459 138
4460 68
4461 69
4462 72
4463 77
4464 84
4465 93
4466 104
4467 117
4468 132
4469 149
4470 81
4471 82
4472 85
4473 90
4474 97
4475 106
4476 117
4477 130
4478 145
4479 162
4480 96
4481 97
4482 100
4483 105
4484 112
4485 121
4486 132
4487 145
4488 160
4489 177
4490 113
4491 114
4492 117
4493 122
4494 129
4495 138
4496 149
4497 162
4498 177
4499 194
4500 41
4501 42
4502 45
4503 50
4504 57
4505 66
4506 77
4507 90
4508 105
4509 122
4510 42
4511 43
4512 46
4513 51
4514 58
4515 67
4516 78
4517 91
4518 106
4519 123
4520 45
4521 46
4522 49
4523 54
4524 61
4525 70
4526 81
4527 94
4528 109
4529 126
4530 50
4531 51
4532 54
4533 59
4534 66
4535 75
4536 86
4537 99
4538 114
4539 131
4540 57
4541 58
4542 61
4543 66
4544 73
4545 82
4546 93
4547 106
4548 121
4549 138
4550 66
4551 67
4552 70
4553 75
4554 82
4555 91
4556 102
4557 115
4558 130
4559 147
4560 77
4561 78
4562 81
4563 86
4564 93
4565 102
4566 113
4567 126
4568 141
4569 158
4570 90
4571 91
4572 94
4573 99
4574 106
4575 115
4576 126
4577 139
4578 154
4579 171
4580 105
4581 106
4582 109
4583 114
4584 121
4585 130
4586 141
4587 154
4588 169
4589 186
4590 122
4591 123
4592 126
4593 131
4594 138
4595 147
4596 158
4597 171
4598 186
4599 203
4600 52
4601 53
4602 56
4603 61
4604 68
4605 77
4606 88
4607 101
4608 116
4609 133
4610 53
4611 54
4612 57
4613 62
4614 69
4615 78
4616 89
4617 102
4618 117
4619 134
4620 56
4621 57
4622 60
4623 65
4624 72
4625 81
4626 92
4627 105
4628 120
4629 137
4630 61
4631 62
4632 65
4633 70
4634 77
4635 86
4636 97
4637 110
4638 125
4639 142
4640 68
4641 69
4642 72
4643 77
4644 84
4645 93
4646 104
4647 117
4648 132
4649 149
4650 77
4651 78
4652 81
4653 86
4654 93
4655 102
4656 113
4657 126
4658 141
4659 158
4660 88
4661 89
4662 92
4663 97
4664 104
4665 113
4666 124
4667 137
4668 152
4669 169
4670 101
4671 102
4672 105
4673 110
4674 117
4675 126
4676 137
4677 150
4678 165
4679 182
4680 116
4681 117
4682 120
4683 125
4684 132
4685 141
4686 152
4687 165
4688 180
4689 197
4690 133
4691 134
4692 137
4693 142
4694 149
4695 158
4696 169
4697 182
4698 197
4699 214
4700 65
4701 66
4702 69
4703 74
4704 81
4705 90
4706 101
4707 114
4708 129
4709 146
4710 66
4711 67
4712 70
4713 75
4714 82
4715 91
4716 102
4717 115
4718 130
4719 147
4720 69
4721 70
4722 73
4723 78
4724 85
4725 94
4726 105
4727 118
4728 133
4729 150
4730 74
4731 75
4732 78
4733 83
4734 90
4735 99
4736 110
4737 123
4738 138
4739 155
4740 81
4741 82
4742 85
4743 90
4744 97
4745 106
4746 117
4747 130
4748 145
4749 162
4750 90
4751 91
4752 94
4753 99
4754 106
4755 115
4756 126
4757 139
4758 154
4759 171
4760 101
4761 102
4762 105
4763 110
4764 117
4765 126
4766 137
4767 150
4768 165
4769 182
4770 114
4771 115
4772 118
4773 123
4774 130
4775 139
4776 150
4777 163
4778 178
4779 195
4780 129
4781 130
4782 133
4783 138
4784 145
4785 154
4786 165
4787 178
4788 193
4789 210
4790 146
4791 147
4792 150
4793 155
4794 162
4795 171
4796 182
4797 195
4798 210
4799 227
4800 80
4801 81
4802 84
4803 89
4804 96
4805 105
4806 116
4807 129
4808 144
4809 161
4810 81
4811 82
4812 85
4813 90
4814 97
4815 106
4816 117
4817 130
4818 145
4819 162
4820 84
4821 85
4822 88
4823 93
4824 100
4825 109
4826 120
4827 133
4828 148
4829 165
4830 89
4831 90
4832 93
4833 98
4834 105
4835 114
4836 125
4837 138
4838 153
4839 170
4840 96
4841 97
4842 100
4843 105
4844 112
4845 121
4846 132
4847 145
4848 160
4849 177
4850 105
4851 106
4852 109
4853 114
4854 121
4855 130
4856 141
4857 154
4858 169
4859 186
4860 116
4861 117
4862 120
4863 125
4864 132
4865 141
4866 152
4867 165
4868 180
4869 197
4870 129
4871 130
4872 133
4873 138
4874 145
4875 154
4876 165
4877 178
4878 193
4879 210
4880 144
4881 145
4882 148
4883 153
4884 160
4885 169
4886 180
4887 193
4888 208
4889 225
4890 161
4891 162
4892 165
4893 170
4894 177
4895 186
4896 197
4897 210
4898 225
4899 242
4900 97
4901 98
4902 101
4903 106
4904 113
4905 122
4906 133
4907 146
4908 161
4909 178
4910 98
4911 99
4912 102
4913 107
4914 114
4915 123
4916 134
4917 147
4918 162
4919 179
4920 101
4921 102
4922 105
4923 110
4924 117
4925 126
4926 137
4927 150
4928 165
4929 182
4930 106
4931 107
4932 110
4933 115
4934 122
4935 131
4936 142
4937 155
4938 170
4939 187
4940 113
4941 114
4942 117
4943 122
4944 129
4945 138
4946 149
4947 162
4948 177
4949 194
4950 122
4951 123
4952 126
4953 131
4954 138
4955 147
4956 158
4957 171
4958 186
4959 203
4960 133
4961 134
4962 137
4963 142
4964 149
4965 158
4966 169
4967 182
4968 197
4969 214
4970 146
4971 147
4972 150
4973 155
4974 162
4975 171
4976 182
4977 195
4978 210
4979 227
4980 161
4981 162
4982 165
4983 170
4984 177
4985 186
4986 197
4987 210
4988 225
4989 242
4990 178
4991 179
4992 182
4993 187
4994 194
4995 203
4996 214
4997 227
4998 242
4999 259
5000 25
5001 26
5002 29
5003 34
5004 41
5005 50
5006 61
5007 74
5008 89
5009 106
5010 26
5011 27
5012 30
5013 35
5014 42
5015 51
5016 62
5017 75
5018 90
5019 107
5020 29
5021 30
5022 33
5023 38
5024 45
5025 54
5026 65
5027 78
5028 93
5029 110
5030 34
5031 35
5032 38
5033 43
5034 50
5035 59
5036 70
5037 83
5038 98
5039 115
5040 41
5041 42
5042 45
5043 50
5044 57
5045 66
5046 77
5047 90
5048 105
5049 122
5050 50
5051 51
5052 54
5053 59
5054 66
5055 75
5056 86
5057 99
5058 114
5059 131
5060 61
5061 62
5062 65
5063 70
5064 77
5065 86
5066 97
5067 110
5068 125
5069 142
5070 74
5071 75
5072 78
5073 83
5074 90
5075 99
5076 110
5077 123
5078 138
5079 155
5080 89
5081 90
5082 93
5083 98
5084 105
5085 114
5086 125
5087 138
5088 153
5089 170
5090 106
5091 107
5092 110
5093 115
5094 122
5095 131
5096 142
5097 155
5098 170
5099 187
5100 26
5101 27
5102 30
5103 35
5104 42
5105 51
5106 62
5107 75
5108 90
5109 107
5110 27
5111 28
5112 31
5113 36
5114 43
5115 52
5116 63
5117 76
5118 91
5119 108
5120 30
5121 31
5122 34
5123 39
5124 46
5125 55
5126 66
5127 79
5128 94
5129 111
5130 35
5131 36
5132 39
5133 44
5134 51
5135 60
5136 71
5137 84
5138 99
5139 116
5140 42
5141 43
5142 46
5143 51
5144 58
5145 67
5146 78
5147 91
5148 106
5149 123
5150 51
5151 52
5152 55
5153 60
5154 67
5155 76
5156 87
5157 100
5158 115
5159 132
5160 62
5161 63
5162 66
5163 71
5164 78
5165 87
5166 98
5167 111
5168 126
5169 143
5170 75
5171 76
5172 79
5173 84
5174 91
5175 100
5176 111
5177 124
5178 139
5179 156
5180 90
5181 91
5182 94
5183 99
5184 106
5185 115
5186 126
5187 139
5188 154
5189 171
5190 107
5191 108
5192 111
5193 116
5194 123
5195 132
5196 143
5197 156
5198 171
5199 188
5200 29
5201 30
5202 33
5203 38
5204 45
5205 54
5206 65
5207 78
5208 93
5209 110
5210 30
5211 31
5212 34
5213 39
5214 46
5215 55
5216 66
5217 79
5218 94
5219 111
5220 33
5221 34
5222 37
5223 42
5224 49
5225 58
5226 69
5227 82
5228 97
5229 114
5230 38
5231 39
5232 42
5233 47
5234 54
5235 63
5236 74
5237 87
5238 102
5239 119
5240 45
5241 46
5242 49
5243 54
5244 61
5245 70
5246 81
5247 94
5248 109
5249 126
5250 54
5251 55
5252 58
5253 63
5254 70
5255 79
5256 90
5257 103
5258 118
5259 135
5260 65
5261 66
5262 69
5263 74
5264 81
5265 90
5266 101
5267 114
5268 129
5269 146
5270 78
5271 79
5272 82
5273 87
5274 94
5275 103
5276 114
5277 127
5278 142
5279 159
5280 93
5281 94
5282 97
5283 102
5284 109
5285 118
5286 129
5287 142
5288 157
5289 174
5290 110
5291 111
5292 114
5293 119
5294 126
5295 135
5296 146
5297 159
5298 174
5299 191
5300 34
5301 35
5302 38
5303 43
5304 50
5305 59
5306 70
5307 83
5308 98
5309 115
5310 35
5311 36
5312 39
5313 44
5314 51
5315 60
5316 71
5317 84
5318 99
5319 116
5320 38
5321 39
5322 42
5323 47
5324 54
5325 63
5326 74
5327 87
5328 102
5329 119
5330 43
5331 44
5332 47
5333 52
5334 59
5335 68
5336 79
5337 92
5338 107
5339 124
5340 50
5341 51
5342 54
5343 59
5344 66
5345 75
5346 86
5347 99
5348 114
5349 131
5350 59
5351 60
5352 63
5353 68
5354 75
5355 84
5356 95
5357 108
5358 123
5359 140
5360 70
5361 71
5362 74
5363 79
5364 86
5365 95
5366 106
5367 119
5368 134
5369 151
5370 83
5371 84
5372 87
5373 92
5374 99
5375 108
5376 119
5377 132
5378 147
5379 164
5380 98
5381 99
5382 102
5383 107
5384 114
5385 123
5386 134
5387 147
5388 162
5389 179
5390 115
5391 116
5392 119
5393 124
5394 131
5395 140
5396 151
5397 164
5398 179
5399 196
5400 41
5401 42
5402 45
5403 50
5404 57
5405 66
5406 77
5407 90
5408 105
5409 122
5410 42
5411 43
5412 46
5413 51
5414 58
5415 67
5416 78
5417 91
5418 106
5419 123
5420 45
5421 46
5422 49
5423 54
5424 61
5425 70
5426 81
5427 94
5428 109
5429 126
5430 50
5431 51
5432 54
5433 59
5434 66
5435 75
5436 86
5437 99
5438 114
5439 131
5440 57
5441 58
5442 61
5443 66
5444 73
5445 82
5446 93
5447 106
5448 121
5449 138
5450 66
5451 67
5452 70
5453 75
5454 82
5455 91
5456 102
5457 115
5458 130
5459 147
5460 77
5461 78
5462 81
5463 86
5464 93
5465 102
5466 113
5467 126
5468 141
5469 158
5470 90
5471 91
5472 94
5473 99
5474 106
5475 115
5476 126
5477 139
5478 154
5479 171
5480 105
5481 106
5482 109
5483 114
5484 121
5485 130
5486 141
5487 154
5488 169
5489 186
5490 122
5491 123
5492 126
5493 131
5494 138
5495 147
5496 158
5497 171
5498 186
5499 203
5500 50
5501 51
5502 54
5503 59
5504 66
5505 75
5506 86
5507 99
5508 114
5509 131
5510 51
5511 52
5512 55
5513 60
5514 67
5515 76
5516 87
5517 100
5518 115
5519 132
5520 54
5521 55
5522 58
5523 63
5524 70
5525 79
5526 90
5527 103
5528 118
5529 135
5530 59
5531 60
5532 63
5533 68
5534 75
5535 84
5536 95
5537 108
5538 123
5539 140
5540 66
5541 67
5542 70
5543 75
5544 82
5545 91
5546 102
5547 115
5548 130
5549 147
5550 75
5551 76
5552 79
5553 84
5554 91
5555 100
5556 111
5557 124
5558 139
5559 156
5560 86
5561 87
5562 90
5563 95
5564 102
5565 111
5566 122
5567 135
5568 150
5569 167
5570 99
5571 100
5572 103
5573 108
5574 115
5575 124
5576 135
5577 148
5578 163
5579 180
5580 114
5581 115
5582 118
5583 123
5584 130
5585 139
5586 150
5587 163
5588 178
5589 195
5590 131
5591 132
5592 135
5593 140
5594 147
5595 156
5596 167
5597 180
5598 195
5599 212
5600 61
5601 62
5602 65
5603 70
5604 77
5605 86
5606 97
5607 110
5608 125
5609 142
5610 62
5611 63
5612 66
5613 71
5614 78
5615 87
5616 98
5617 111
5618 126
5619 143
5620 65
5621 66
5622 69
5623 74
5624 81
5625 90
5626 101
5627 114
5628 129
5629 146
5630 70
5631 71
5632 74
5633 79
5634 86
5635 95
5636 106
5637 119
5638 134
5639 151
5640 77
5641 78
5642 81
5643 86
5644 93
5645 102
5646 113
5647 126
5648 141
5649 158
5650 86
5651 87
5652 90
5653 95
5654 102
5655 111
5656 122
5657 135
5658 150
5659 167
5660 97
5661 98
5662 101
5663 106
5664 113
5665 122
5666 133
5667 146
5668 161
5669 178
5670 110
5671 111
5672 114
5673 119
5674 126
5675 135
5676 146
5677 159
5678 174
5679 191
5680 125
5681 126
5682 129
5683 134
5684 141
5685 150
5686 161
5687 174
5688 189
5689 206
5690 142
5691 143
5692 146
5693 151
5694 158
5695 167
5696 178
5697 191
5698 206
5699 223
5700 74
5701 75
5702 78
5703 83
5704 90
5705 99
5706 110
5707 123
5708 138
5709 155
5710 75
5711 76
5712 79
5713 84
5714 91
5715 100
5716 111
5717 124
5718 139
5719 156
5720 78
5721 79
5722 82
5723 87
5724 94
5725 103
5726 114
5727 127
5728 142
5729 159
5730 83
5731 84
5732 87
5733 92
5734 99
5735 108
5736 119
5737 132
5738 147
5739 164
5740 90
5741 91
5742 94
5743 99
5744 106
5745 115
5746 126
5747 139
5748 154
5749 171
5750 99
5751 100
5752 103
5753 108
5754 115
5755 124
5756 135
5757 148
5758 163
5759 180
5760 110
5761 111
5762 114
5763 119
5764 126
5765 135
5766 146
5767 159
5768 174
5769 191
5770 123
5771 124
5772 127
5773 132
5774 139
5775 148
5776 159
5777 172
5778 187
5779 204
5780 138
5781 139
5782 142
5783 147
5784 154
5785 163
5786 174
5787 187
5788 202
5789 219
5790 155
5791 156
5792 159
5793 164
5794 171
5795 180
5796 191
5797 204
5798 219
5799 236
5800 89
5801 90
5802 93
5803 98
5804 105
5805 114
5806 125
5807 138
5808 153
5809 170
5810 90
5811 91
5812 94
5813 99
5814 106
5815 115
5816 126
5817 139
5818 154
5819 171
5820 93
5821 94
5822 97
5823 102
5824 109
5825 118
5826 129
5827 142
5828 157
5829 174
5830 98
5831 99
5832 102
5833 107
5834 114
5835 123
5836 134
5837 147
5838 162
5839 179
5840 105
5841 106
5842 109
5843 114
5844 121
5845 130
5846 141
5847 154
5848 169
5849 186
5850 114
5851 115
5852 118
5853 123
5854 130
5855 139
5856 150
5857 163
5858 178
5859 195
5860 125
5861 126
5862 129
5863 134
5864 141
5865 150
5866 161
5867 174
5868 189
5869 206
5870 138
5871 139
5872 142
5873 147
5874 154
5875 163
5876 174
5877 187
5878 202
5879 219
5880 153
5881 154
5882 157
5883 162
5884 169
5885 178
5886 189
5887 202
5888 217
5889 234
5890 170
5891 171
5892 174
5893 179
5894 186
5895 195
5896 206
5897 219
5898 234
5899 251
5900 106
5901 107
5902 110
5903 115
5904 122
5905 131
5906 142
5907 155
5908 170
5909 187
5910 107
5911 108
5912 111
5913 116
5914 123
5915 132
5916 143
5917 156
5918 171
5919 188
5920 110
5921 111
5922 114
5923 119
5924 126
5925 135
5926 146
5927 159
5928 174
5929 191
5930 115
5931 116
5932 119
5933 124
5934 131
5935 140
5936 151
5937 164
5938 179
5939 196
5940 122
5941 123
5942 126
5943 131
5944 138
5945 147
5946 158
5947 171
5948 186
5949 203
5950 131
5951 132
5952 135
5953 140
5954 147
5955 156
5956 167
5957 180
5958 195
5959 212
5960 142
5961 143
5962 146
5963 151
5964 158
5965 167
5966 178
5967 191
5968 206
5969 223
5970 155
5971 156
5972 159
5973 164
5974 171
5975 180
5976 191
5977 204
5978 219
5979 236
5980 170
5981 171
5982 174
5983 179
5984 186
5985 195
5986 206
5987 219
5988 234
5989 251
5990 187
5991 188
5992 191
5993 196
5994 203
5995 212
5996 223
5997 236
5998 251
5999 268
6000 36
6001 37
6002 40
6003 45
6004 52
6005 61
6006 72
6007 85
6008 100
6009 117
6010 37
6011 38
6012 41
6013 46
6014 53
6015 62
6016 73
6017 86
6018 101
6019 118
6020 40
6021 41
6022 44
6023 49
6024 56
6025 65
6026 76
6027 89
6028 104
6029 121
6030 45
6031 46
6032 49
6033 54
6034 61
6035 70
6036 81
6037 94
6038 109
6039 126
6040 52
6041 53
6042 56
6043 61
6044 68
6045 77
6046 88
6047 101
6048 116
6049 133
6050 61
6051 62
6052 65
6053 70
6054 77
6055 86
6056 97
6057 110
6058 125
6059 142
6060 72
6061 73
6062 76
6063 81
6064 88
6065 97
6066 108
6067 121
6068 136
6069 153
6070 85
6071 86
6072 89
6073 94
6074 101
6075 110
6076 121
6077 134
6078 149
6079 166
6080 100
6081 101
6082 104
6083 109
6084 116
6085 125
6086 136
6087 149
6088 164
6089 181
6090 117
6091 118
6092 121
6093 126
6094 133
6095 142
6096 153
6097 166
6098 181
6099 198
6100 37
6101 38
6102 41
6103 46
6104 53
6105 62
6106 73
6107 86
6108 101
6109 118
6110 38
6111 39
6112 42
6113 47
6114 54
6115 63
6116 74
6117 87
6118 102
6119 119
6120 41
6121 42
6122 45
6123 50
6124 57
6125 66
6126 77
6127 90
6128 105
6129 122
6130 46
6131 47
6132 50
6133 55
6134 62
6135 71
6136 82
6137 95
6138 110
6139 127
6140 53
6141 54
6142 57
6143 62
6144 69
6145 78
6146 89
6147 102
6148 117
6149 134
6150 62
6151 63
6152 66
6153 71
6154 78
6155 87
6156 98
6157 111
6158 126
6159 143
6160 73
6161 74
6162 77
6163 82
6164 89
6165 98
6166 109
6167 122
6168 137
6169 154
6170 86
6171 87
6172 90
6173 95
6174 102
6175 111
6176 122
6177 135
6178 150
6179 167
6180 101
6181 102
6182 105
6183 110
6184 117
6185 126
6186 137
6187 150
6188 165
6189 182
6190 118
6191 119
6192 122
6193 127
6194 134
6195 143
6196 154
6197 167
6198 182
6199 199
6200 40
6201 41
6202 44
6203 49
6204 56
6205 65
6206 76
6207 89
6208 104
6209 121
6210 41
6211 42
6212 45
6213 50
6214 57
6215 66
6216 77
6217 90
6218 105
6219 122
6220 44
6221 45
6222 48
6223 53
6224 60
6225 69
6226 80
6227 93
6228 108
6229 125
6230 49
6231 50
6232 53
6233 58
6234 65
6235 74
6236 85
6237 98
6238 113
6239 130
6240 56
6241 57
6242 60
6243 65
6244 72
6245 81
6246 92
6247 105
6248 120
6249 137
6250 65
6251 66
6252 69
6253 74
6254 81
6255 90
6256 101
6257 114
6258 129
6259 146
6260 76
6261 77
6262 80
6263 85
6264 92
6265 101
6266 112
6267 125
6268 140
6269 157
6270 89
6271 90
6272 93
6273 98
6274 105
6275 114
6276 125
6277 138
6278 153
6279 170
6280 104
6281 105
6282 108
6283 113
6284 120
6285 129
6286 140
6287 153
6288 168
6289 185
6290 121
6291 122
6292 125
6293 130
6294 137
6295 146
6296 157
6297 170
6298 185
6299 202
6300 45
6301 46
6302 49
6303 54
6304 61
6305 70
6306 81
6307 94
6308 109
6309 126
6310 46
6311 47
6312 50
6313 55
6314 62
6315 71
6316 82
6317 95
6318 110
6319 127
6320 49
6321 50
6322 53
6323 58
6324 65
6325 74
6326 85
6327 98
6328 113
6329 130
6330 54
6331 55
6332 58
6333 63
6334 70
6335 79
6336 90
6337 103
6338 118
6339 135
6340 61
6341 62
6342 65
6343 70
6344 77
6345 86
6346 97
6347 110
6348 125
6349 142
6350 70
6351 71
6352 74
6353 79
6354 86
6355 95
6356 106
6357 119
6358 134
6359 151
6360 81
6361 82
6362 85
6363 90
6364 97
6365 106
6366 117
6367 130
6368 145
6369 162
6370 94
6371 95
6372 98
6373 103
6374 110
6375 119
6376 130
6377 143
6378 158
6379 175
6380 109
6381 110
6382 113
6383 118
6384 125
6385 134
6386 145
6387 158
6388 173
6389 190
6390 126
6391 127
6392 130
6393 135
6394 142
6395 151
6396 162
6397 175
6398 190
6399 207
6400 52
6401 53
6402 56
6403 61
6404 68
6405 77
6406 88
6407 101
6408 116
6409 133
6410 53
6411 54
6412 57
6413 62
6414 69
6415 78
6416 89
6417 102
6418 117
6419 134
6420 56
6421 57
6422 60
6423 65
6424 72
6425 81
6426 92
6427 105
6428 120
6429 137
6430 61
6431 62
6432 65
6433 70
6434 77
6435 86
6436 97
6437 110
6438 125
6439 142
6440 68
6441 69
6442 72
6443 77
6444 84
6445 93
6446 104
6447 117
6448 132
6449 149
6450 77
6451 78
6452 81
6453 86
6454 93
6455 102
6456 113
6457 126
6458 141
6459 158
6460 88
6461 89
6462 92
6463 97
6464 104
6465 113
6466 124
6467 137
6468 152
6469 169
6470 101
6471 102
6472 105
6473 110
6474 117
6475 126
6476 137
6477 150
6478 165
6479 182
6480 116
6481 117
6482 120
6483 125
6484 132
6485 141
6486 152
6487 165
6488 180
6489 197
6490 133
6491 134
6492 137
6493 142
6494 149
6495 158
6496 169
6497 182
6498 197
6499 214
6500 61
6501 62
6502 65
6503 70
6504 77
6505 86
6506 97
6507 110
6508 125
6509 142
6510 62
6511 63
6512 66
6513 71
6514 78
6515 87
6516 98
6517 111
6518 126
6519 143
6520 65
6521 66
6522 69
6523 74
6524 81
6525 90
6526 101
6527 114
6528 129
6529 146
6530 70
6531 71
6532 74
6533 79
6534 86
6535 95
6536 106
6537 119
6538 134
6539 151
6540 77
6541 78
6542 81
6543 86
6544 93
6545 102
6546 113
6547 126
6548 141
6549 158
6550 86
6551 87
6552 90
6553 95
6554 102
6555 111
6556 122
6557 135
6558 150
6559 167
6560 97
6561 98
6562 101
6563 106
6564 113
6565 122
6566 133
6567 146
6568 161
6569 178
6570 110
6571 111
6572 114
6573 119
6574 126
6575 135
6576 146
6577 159
6578 174
6579 191
6580 125
6581 126
6582 129
6583 134
6584 141
6585 150
6586 161
6587 174
6588 189
6589 206
6590 142
6591 143
6592 146
6593 151
6594 158
6595 167
6596 178
6597 191
6598 206
6599 223
6600 72
6601 73
6602 76
6603 81
6604 88
6605 97
6606 108
6607 121
6608 136
6609 153
6610 73
6611 74
6612 77
6613 82
6614 89
6615 98
6616 109
6617 122
6618 137
6619 154
6620 76
6621 77
6622 80
6623 85
6624 92
6625 101
6626 112
6627 125
6628 140
6629 157
6630 81
6631 82
6632 85
6633 90
6634 97
6635 106
6636 117
6637 130
6638 145
6639 162
6640 88
6641 89
6642 92
6643 97
6644 104
6645 113
6646 124
6647 137
6648 152
6649 169
6650 97
6651 98
6652 101
6653 106
6654 113
6655 122
6656 133
6657 146
6658 161
6659 178
6660 108
6661 109
6662 112
6663 117
6664 124
6665 133
6666 144
6667 157
6668 172
6669 189
6670 121
6671 122
6672 125
6673 130
6674 137
6675 146
6676 157
6677 170
6678 185
6679 202
6680 136
6681 137
6682 140
6683 145
6684 152
6685 161
6686 172
6687 185
6688 200
6689 217
6690 153
6691 154
6692 157
6693 162
6694 169
6695 178
6696 189
6697 202
6698 217
6699 234
6700 85
6701 86
6702 89
6703 94
6704 101
6705 110
6706 121
6707 134
6708 149
6709 166
6710 86
6711 87
6712 90
6713 95
6714 102
6715 111
6716 122
6717 135
6718 150
6719 167
6720 89
6721 90
6722 93
6723 98
6724 105
6725 114
6726 125
6727 138
6728 153
6729 170
6730 94
6731 95
6732 98
6733 103
6734 110
6735 119
6736 130
6737 143
6738 158
6739 175
6740 101
6741 102
6742 105
6743 110
6744 117
6745 126
6746 137
6747 150
6748 165
6749 182
6750 110
6751 111
6752 114
6753 119
6754 126
6755 135
6756 146
6757 159
6758 174
6759 191
6760 121
6761 122
6762 125
6763 130
6764 137
6765 146
6766 157
6767 170
6768 185
6769 202
6770 134
6771 135
6772 138
6773 143
6774 150
6775 159
6776 170
6777 183
6778 198
6779 215
6780 149
6781 150
6782 153
6783 158
6784 165
6785 174
6786 185
6787 198
6788 213
6789 230
6790 166
6791 167
6792 170
6793 175
6794 182
6795 191
6796 202
6797 215
6798 230
6799 247
6800 100
6801 101
6802 104
6803 109
6804 116
6805 125
6806 136
6807 149
6808 164
6809 181
6810 101
6811 102
6812 105
6813 110
6814 117
6815 126
6816 137
6817 150
6818 165
6819 182
6820 104
6821 105
6822 108
6823 113
6824 120
6825 129
6826 140
6827 153
6828 168
6829 185
6830 109
6831 110
6832 113
6833 118
6834 125
6835 134
6836 145
6837 158
6838 173
6839 190
6840 116
6841 117
6842 120
6843 125
6844 132
6845 141
6846 152
6847 165
6848 180
6849 197
6850 125
6851 126
6852 129
6853 134
6854 141
6855 150
6856 161
6857 174
6858 189
6859 206
6860 136
6861 137
6862 140
6863 145
6864 152
6865 161
6866 172
6867 185
6868 200
6869 217
6870 149
6871 150
6872 153
6873 158
6874 165
6875 174
6876 185
6877 198
6878 213
6879 230
6880 164
6881 165
6882 168
6883 173
6884 180
6885 189
6886 200
6887 213
6888 228
6889 245
6890 181
6891 182
6892 185
6893 190
6894 197
6895 206
6896 217
6897 230
6898 245
6899 262
6900 117
6901 118
6902 121
6903 126
6904 133
6905 142
6906 153
6907 166
6908 181
6909 198
6910 118
6911 119
6912 122
6913 127
6914 134
6915 143
6916 154
6917 167
6918 182
6919 199
6920 121
6921 122
6922 125
6923 130
6924 137
6925 146
6926 157
6927 170
6928 185
6929 202
6930 126
6931 127
6932 130
6933 135
6934 142
6935 151
6936 162
6937 175
6938 190
6939 207
6940 133
6941 134
6942 137
6943 142
6944 149
6945 158
6946 169
6947 182
6948 197
6949 214
6950 142
6951 143
6952 146
6953 151
6954 158
6955 167
6956 178
6957 191
6958 206
6959 223
6960 153
6961 154
6962 157
6963 162
6964 169
6965 178
6966 189
6967 202
6968 217
6969 234
6970 166
6971 167
6972 170
6973 175
6974 182
6975 191
6976 202
6977 215
6978 230
6979 247
6980 181
6981 182
6982 185
6983 190
6984 197
6985 206
6986 217
6987 230
6988 245
6989 262
6990 198
6991 199
6992 202
6993 207
6994 214
6995 223
6996 234
6997 247
6998 262
6999 279
7000 49
7001 50
7002 53
7003 58
7004 65
7005 74
7006 85
7007 98
7008 113
7009 130
7010 50
7011 51
7012 54
7013 59
7014 66
7015 75
7016 86
7017 99
7018 114
7019 131
7020 53
7021 54
7022 57
7023 62
7024 69
7025 78
7026 89
7027 102
7028 117
7029 134
7030 58
7031 59
7032 62
7033 67
7034 74
7035 83
7036 94
7037 107
7038 122
7039 139
7040 65
7041 66
7042 69
7043 74
7044 81
7045 90
7046 101
7047 114
7048 129
7049 146
7050 74
7051 75
7052 78
7053 83
7054 90
7055 99
7056 110
7057 123
7058 138
7059 155
7060 85
7061 86
7062 89
7063 94
7064 101
7065 110
7066 121
7067 134
7068 149
7069 166
7070 98
7071 99
7072 102
7073 107
7074 114
7075 123
7076 134
7077 147
7078 162
7079 179
7080 113
7081 114
7082 117
7083 122
7084 129
7085 138
7086 149
7087 162
7088 177
7089 194
7090 130
7091 131
7092 134
7093 139
7094 146
7095 155
7096 166
7097 179
7098 194
7099 211
7100 50
7101 51
7102 54
7103 59
7104 66
7105 75
7106 86
7107 99
7108 114
7109 131
7110 51
7111 52
7112 55
7113 60
7114 67
7115 76
7116 87
7117 100
7118 115
7119 132
7120 54
7121 55
7122 58
7123 63
7124 70
7125 79
7126 90
7127 103
7128 118
7129 135
7130 59
7131 60
7132 63
7133 68
7134 75
7135 84
7136 95
7137 108
7138 123
7139 140
7140 66
7141 67
7142 70
7143 75
7144 82
7145 91
7146 102
7147 115
7148 130
7149 147
7150 75
7151 76
7152 79
7153 84
7154 91
7155 100
7156 111
7157 124
7158 139
7159 156
7160 86
7161 87
7162 90
7163 95
7164 102
7165 111
7166 122
7167 135
7168 150
7169 167
7170 99
7171 100
7172 103
7173 108
7174 115
7175 124
7176 135
7177 148
7178 163
7179 180
7180 114
7181 115
7182 118
7183 123
7184 130
7185 139
7186 150
7187 163
7188 178
7189 195
7190 131
7191 132
7192 135
7193 140
7194 147
7195 156
7196 167
7197 180
7198 195
7199 212
7200 53
7201 54
7202 57
7203 62
7204 69
7205 78
7206 89
7207 102
7208 117
7209 134
7210 54
7211 55
7212 58
7213 63
7214 70
7215 79
7216 90
7217 103
7218 118
7219 135
7220 57
7221 58
7222 61
7223 66
7224 73
7225 82
7226 93
7227 106
7228 121
7229 138
7230 62
7231 63
7232 66
7233 71
7234 78
7235 87
7236 98
7237 111
7238 126
7239 143
7240 69
7241 70
7242 73
7243 78
7244 85
7245 94
7246 105
7247 118
7248 133
7249 150
7250 78
7251 79
7252 82
7253 87
7254 94
7255 103
7256 114
7257 127
7258 142
7259 159
7260 89
7261 90
7262 93
7263 98
7264 105
7265 114
7266 125
7267 138
7268 153
7269 170
7270 102
7271 103
7272 106
7273 111
7274 118
7275 127
7276 138
7277 151
7278 166
7279 183
7280 117
7281 118
7282 121
7283 126
7284 133
7285 142
7286 153
7287 166
7288 181
7289 198
7290 134
7291 135
7292 138
7293 143
7294 150
7295 159
7296 170
7297 183
7298 198
7299 215
7300 58
7301 59
7302 62
7303 67
7304 74
7305 83
7306 94
7307 107
7308 122
7309 139
7310 59
7311 60
7312 63
7313 68
7314 75
7315 84
7316 95
7317 108
7318 123
7319 140
7320 62
7321 63
7322 66
7323 71
7324 78
7325 87
7326 98
7327 111
7328 126
7329 143
7330 67
7331 68
7332 71
7333 76
7334 83
7335 92
7336 103
7337 116
7338 131
7339 148
7340 74
7341 75
7342 78
7343 83
7344 90
7345 99
7346 110
7347 123
7348 138
7349 155
7350 83
7351 84
7352 87
7353 92
7354 99
7355 108
7356 119
7357 132
7358 147
7359 164
7360 94
7361 95
7362 98
7363 103
7364 110
7365 119
7366 130
7367 143
7368 158
7369 175
7370 107
7371 108
7372 111
7373 116
7374 123
7375 132
7376 143
7377 156
7378 171
7379 188
7380 122
7381 123
7382 126
7383 131
7384 138
7385 147
7386 158
7387 171
7388 186
7389 203
7390 139
7391 140
7392 143
7393 148
7394 155
7395 164
7396 175
7397 188
7398 203
7399 220
7400 65
7401 66
7402 69
7403 74
7404 81
7405 90
7406 101
7407 114
7408 129
7409 146
7410 66
7411 67
7412 70
7413 75
7414 82
7415 91
7416 102
7417 115
7418 130
7419 147
7420 69
7421 70
7422 73
7423 78
7424 85
7425 94
7426 105
7427 118
7428 133
7429 150
7430 74
7431 75
7432 78
7433 83
7434 90
7435 99
7436 110
7437 123
7438 138
7439 155
7440 81
7441 82
7442 85
7443 90
7444 97
7445 106
7446 117
7447 130
7448 145
7449 162
7450 90
7451 91
7452 94
7453 99
7454 106
7455 115
7456 126
7457 139
7458 154
7459 171
7460 101
7461 102
7462 105
7463 110
7464 117
7465 126
7466 137
7467 150
7468 165
7469 182
7470 114
7471 115
7472 118
7473 123
7474 130
7475 139
7476 150
7477 163
7478 178
7479 195
7480 129
7481 130
7482 133
7483 138
7484 145
7485 154
7486 165
7487 178
7488 193
7489 210
7490 146
7491 147
7492 150
7493 155
7494 162
7495 171
7496 182
7497 195
7498 210
7499 227
7500 74
7501 75
7502 78
7503 83
7504 90
7505 99
7506 110
7507 123
7508 138
7509 155
7510 75
7511 76
7512 79
7513 84
7514 91
7515 100
7516 111
7517 124
7518 139
7519 156
7520 78
7521 79
7522 82
7523 87
7524 94
7525 103
7526 114
7527 127
7528 142
7529 159
7530 83
7531 84
7532 87
7533 92
7534 99
7535 108
7536 119
7537 132
7538 147
7539 164
7540 90
7541 91
7542 94
7543 99
7544 106
7545 115
7546 126
7547 139
7548 154
7549 171
7550 99
7551 100
7552 103
7553 108
7554 115
7555 124
7556 135
7557 148
7558 163
7559 180
7560 110
7561 111
7562 114
7563 119
7564 126
7565 135
7566 146
7567 159
7568 174
7569 191
7570 123
7571 124
7572 127
7573 132
7574 139
7575 148
7576 159
7577 172
7578 187
7579 204
7580 138
7581 139
7582 142
7583 147
7584 154
7585 163
7586 174
7587 187
7588 202
7589 219
7590 155
7591 156
7592 159
7593 164
7594 171
7595 180
7596 191
7597 204
7598 219
7599 236
7600 85
7601 86
7602 89
7603 94
7604 101
7605 110
7606 121
7607 134
7608 149
7609 166
7610 86
7611 87
7612 90
7613 95
7614 102
7615 111
7616 122
7617 135
7618 150
7619 167
7620 89
7621 90
7622 93
7623 98
7624 105
7625 114
7626 125
7627 138
7628 153
7629 170
7630 94
7631 95
7632 98
7633 103
7634 110
7635 119
7636 130
7637 143
7638 158
7639 175
7640 101
7641 102
7642 105
7643 110
7644 117
7645 126
7646 137
7647 150
7648 165
7649 182
7650 110
7651 111
7652 114
7653 119
7654 126
7655 135
7656 146
7657 159
7658 174
7659 191
7660 121
7661 122
7662 125
7663 130
7664 137
7665 146
7666 157
7667 170
7668 185
7669 202
7670 134
7671 135
7672 138
7673 143
7674 150
7675 159
7676 170
7677 183
7678 198
7679 215
7680 149
7681 150
7682 153
7683 158
7684 165
7685 174
7686 185
7687 198
7688 213
7689 230
7690 166
7691 167
7692 170
7693 175
7694 182
7695 191
7696 202
7697 215
7698 230
7699 247
7700 98
7701 99
7702 102
7703 107
7704 114
7705 123
7706 134
7707 147
7708 162
7709 179
7710 99
7711 100
7712 103
7713 108
7714 115
7715 124
7716 135
7717 148
7718 163
7719 180
7720 102
7721 103
7722 106
7723 111
7724 118
7725 127
7726 138
7727 151
7728 166
7729 183
7730 107
7731 108
7732 111
7733 116
7734 123
7735 132
7736 143
7737 156
7738 171
7739 188
7740 114
7741 115
7742 118
7743 123
7744 130
7745 139
7746 150
7747 163
7748 178
7749 195
7750 123
7751 124
7752 127
7753 132
7754 139
7755 148
7756 159
7757 172
7758 187
7759 204
7760 134
7761 135
7762 138
7763 143
7764 150
7765 159
7766 170
7767 183
7768 198
7769 215
7770 147
7771 148
7772 151
7773 156
7774 163
7775 172
7776 183
7777 196
7778 211
7779 228
7780 162
7781 163
7782 166
7783 171
7784 178
7785 187
7786 198
7787 211
7788 226
7789 243
7790 179
7791 180
7792 183
7793 188
7794 195
7795 204
7796 215
7797 228
7798 243
7799 260
7800 113
7801 114
7802 117
7803 122
7804 129
7805 138
7806 149
7807 162
7808 177
7809 194
7810 114
7811 115
7812 118
7813 123
7814 130
7815 139
7816 150
7817 163
7818 178
7819 195
7820 117
7821 118
7822 121
7823 126
7824 133
7825 142
7826 153
7827 166
7828 181
7829 198
7830 122
7831 123
7832 126
7833 131
7834 138
7835 147
7836 158
7837 171
7838 186
7839 203
7840 129
7841 130
7842 133
7843 138
7844 145
7845 154
7846 165
7847 178
7848 193
7849 210
7850 138
7851 139
7852 142
7853 147
7854 154
7855 163
7856 174
7857 187
7858 202
7859 219
7860 149
7861 150
7862 153
7863 158
7864 165
7865 174
7866 185
7867 198
7868 213
7869 230
7870 162
7871 163
7872 166
7873 171
7874 178
7875 187
7876 198
7877 211
7878 226
7879 243
7880 177
7881 178
7882 181
7883 186
7884 193
7885 202
7886 213
7887 226
7888 241
7889 258
7890 194
7891 195
7892 198
7893 203
7894 210
7895 219
7896 230
7897 243
7898 258
7899 275
7900 130
7901 131
7902 134
7903 139
7904 146
7905 155
7906 166
7907 179
7908 194
7909 211
7910 131
7911 132
7912 135
7913 140
7914 147
7915 156
7916 167
7917 180
7918 195
7919 212
7920 134
7921 135
7922 138
7923 143
7924 150
7925 159
7926 170
7927 183
7928 198
7929 215
7930 139
7931 140
7932 143
7933 148
7934 155
7935 164
7936 175
7937 188
7938 203
7939 220
7940 146
7941 147
7942 150
7943 155
7944 162
7945 171
7946 182
7947 195
7948 210
7949 227
7950 155
7951 156
7952 159
7953 164
7954 171
7955 180
7956 191
7957 204
7958 219
7959 236
7960 166
7961 167
7962 170
7963 175
7964 182
7965 191
7966 202
7967 215
7968 230
7969 247
7970 179
7971 180
7972 183
7973 188
7974 195
7975 204
7976 215
7977 228
7978 243
7979 260
7980 194
7981 195
7982 198
7983 203
7984 210
7985 219
7986 230
7987 243
7988 258
7989 275
7990 211
7991 212
7992 215
7993 220
7994 227
7995 236
7996 247
7997 260
7998 275
7999 292
8000 64
8001 65
8002 68
8003 73
8004 80
8005 89
8006 100
8007 113
8008 128
8009 145
8010 65
8011 66
8012 69
8013 74
8014 81
8015 90
8016 101
8017 114
8018 129
8019 146
8020 68
8021 69
8022 72
8023 77
8024 84
8025 93
8026 104
8027 117
8028 132
8029 149
8030 73
8031 74
8032 77
8033 82
8034 89
8035 98
8036 109
8037 122
8038 137
8039 154
8040 80
8041 81
8042 84
8043 89
8044 96
8045 105
8046 116
8047 129
8048 144
8049 161
8050 89
8051 90
8052 93
8053 98
8054 105
8055 114
8056 125
8057 138
8058 153
8059 170
8060 100
8061 101
8062 104
8063 109
8064 116
8065 125
8066 136
8067 149
8068 164
8069 181
8070 113
8071 114
8072 117
8073 122
8074 129
8075 138
8076 149
8077 162
8078 177
8079 194
8080 128
8081 129
8082 132
8083 137
8084 144
8085 153
8086 164
8087 177
8088 192
8089 209
8090 145
8091 146
8092 149
8093 154
8094 161
8095 170
8096 181
8097 194
8098 209
8099 226
8100 65
8101 66
8102 69
8103 74
8104 81
8105 90
8106 101
8107 114
8108 129
8109 146
8110 66
8111 67
8112 70
8113 75
8114 82
8115 91
8116 102
8117 115
8118 130
8119 147
8120 69
8121 70
8122 73
8123 78
8124 85
8125 94
8126 105
8127 118
8128 133
8129 150
8130 74
8131 75
8132 78
8133 83
8134 90
8135 99
8136 110
8137 123
8138 138
8139 155
8140 81
8141 82
8142 85
8143 90
8144 97
8145 106
8146 117
8147 130
8148 145
8149 162
8150 90
8151 91
8152 94
8153 99
8154 106
8155 115
8156 126
8157 139
8158 154
8159 171
8160 101
8161 102
8162 105
8163 110
8164 117
8165 126
8166 137
8167 150
8168 165
8169 182
8170 114
8171 115
8172 118
8173 123
8174 130
8175 139
8176 150
8177 163
8178 178
8179 195
8180 129
8181 130
8182 133
8183 138
8184 145
8185 154
8186 165
8187 178
8188 193
8189 210
8190 146
8191 147
8192 150
8193 155
8194 162
8195 171
8196 182
8197 195
8198 210
8199 227
8200 68
8201 69
8202 72
8203 77
8204 84
8205 93
8206 104
8207 117
8208 132
8209 149
8210 69
8211 70
8212 73
8213 78
8214 85
8215 94
8216 105
8217 118
8218 133
8219 150
8220 72
8221 73
8222 76
8223 81
8224 88
8225 97
8226 108
8227 121
8228 136
8229 153
8230 77
8231 78
8232 81
8233 86
8234 93
8235 102
8236 113
8237 126
8238 141
8239 158
8240 84
8241 85
8242 88
8243 93
8244 100
8245 109
8246 120
8247 133
8248 148
8249 165
8250 93
8251 94
8252 97
8253 102
8254 109
8255 118
8256 129
8257 142
8258 157
8259 174
8260 104
8261 105
8262 108
8263 113
8264 120
8265 129
8266 140
8267 153
8268 168
8269 185
8270 117
8271 118
8272 121
8273 126
8274 133
8275 142
8276 153
8277 166
8278 181
8279 198
8280 132
8281 133
8282 136
8283 141
8284 148
8285 157
8286 168
8287 181
8288 196
8289 213
8290 149
8291 150
8292 153
8293 158
8294 165
8295 174
8296 185
8297 198
8298 213
8299 230
8300 73
8301 74
8302 77
8303 82
8304 89
8305 98
8306 109
8307 122
8308 137
8309 154
8310 74
8311 75
8312 78
8313 83
8314 90
8315 99
8316 110
8317 123
8318 138
8319 155
8320 77
8321 78
8322 81
8323 86
8324 93
8325 102
8326 113
8327 126
8328 141
8329 158
8330 82
8331 83
8332 86
8333 91
8334 98
8335 107
8336 118
8337 131
8338 146
8339 163
8340 89
8341 90
8342 93
8343 98
8344 105
8345 114
8346 125
8347 138
8348 153
8349 170
8350 98
8351 99
8352 102
8353 107
8354 114
8355 123
8356 134
8357 147
8358 162
8359 179
8360 109
8361 110
8362 113
8363 118
8364 125
8365 134
8366 145
8367 158
8368 173
8369 190
8370 122
8371 123
8372 126
8373 131
8374 138
8375 147
8376 158
8377 171
8378 186
8379 203
8380 137
8381 138
8382 141
8383 146
8384 153
8385 162
8386 173
8387 186
8388 201
8389 218
8390 154
8391 155
8392 158
8393 163
8394 170
8395 179
8396 190
8397 203
8398 218
8399 235
8400 80
8401 81
8402 84
8403 89
8404 96
8405 105
8406 116
8407 129
8408 144
8409 161
8410 81
8411 82
8412 85
8413 90
8414 97
8415 106
8416 117
8417 130
8418 145
8419 162
8420 84
8421 85
8422 88
8423 93
8424 100
8425 109
8426 120
8427 133
8428 148
8429 165
8430 89
8431 90
8432 93
8433 98
8434 105
8435 114
8436 125
8437 138
8438 153
8439 170
8440 96
8441 97
8442 100
8443 105
8444 112
8445 121
8446 132
8447 145
8448 160
8449 177
8450 105
8451 106
8452 109
8453 114
8454 121
8455 130
8456 141
8457 154
8458 169
8459 186
8460 116
8461 117
8462 120
8463 125
8464 132
8465 141
8466 152
8467 165
8468 180
8469 197
8470 129
8471 130
8472 133
8473 138
8474 145
8475 154
8476 165
8477 178
8478 193
8479 210
8480 144
8481 145
8482 148
8483 153
8484 160
8485 169
8486 180
8487 193
8488 208
8489 225
8490 161
8491 162
8492 165
8493 170
8494 177
8495 186
8496 197
8497 210
8498 225
8499 242
8500 89
8501 90
8502 93
8503 98
8504 105
8505 114
8506 125
8507 138
8508 153
8509 170
8510 90
8511 91
8512 94
8513 99
8514 106
8515 115
8516 126
8517 139
8518 154
8519 171
8520 93
8521 94
8522 97
8523 102
8524 109
8525 118
8526 129
8527 142
8528 157
8529 174
8530 98
8531 99
8532 102
8533 107
8534 114
8535 123
8536 134
8537 147
8538 162
8539 179
8540 105
8541 106
8542 109
8543 114
8544 121
8545 130
8546 141
8547 154
8548 169
8549 186
8550 114
8551 115
8552 118
8553 123
8554 130
8555 139
8556 150
8557 163
8558 178
8559 195
8560 125
8561 126
8562 129
8563 134
8564 141
8565 150
8566 161
8567 174
8568 189
8569 206
8570 138
8571 139
8572 142
8573 147
8574 154
8575 163
8576 174
8577 187
8578 202
8579 219
8580 153
8581 154
8582 157
8583 162
8584 169
8585 178
8586 189
8587 202
8588 217
8589 234
8590 170
8591 171
8592 174
8593 179
8594 186
8595 195
8596 206
8597 219
8598 234
8599 251
8600 100
8601 101
8602 104
8603 109
8604 116
8605 125
8606 136
8607 149
8608 164
8609 181
8610 101
8611 102
8612 105
8613 110
8614 117
8615 126
8616 137
8617 150
8618 165
8619 182
8620 104
8621 105
8622 108
8623 113
8624 120
8625 129
8626 140
8627 153
8628 168
8629 185
8630 109
8631 110
8632 113
8633 118
8634 125
8635 134
8636 145
8637 158
8638 173
8639 190
8640 116
8641 117
8642 120
8643 125
8644 132
8645 141
8646 152
8647 165
8648 180
8649 197
8650 125
8651 126
8652 129
8653 134
8654 141
8655 150
8656 161
8657 174
8658 189
8659 206
8660 136
8661 137
8662 140
8663 145
8664 152
8665 161
8666 172
8667 185
8668 200
8669 217
8670 149
8671 150
8672 153
8673 158
8674 165
8675 174
8676 185
8677 198
8678 213
8679 230
8680 164
8681 165
8682 168
8683 173
8684 180
8685 189
8686 200
8687 213
8688 228
8689 245
8690 181
8691 182
8692 185
8693 190
8694 197
8695 206
8696 217
8697 230
8698 245
8699 262
8700 113
8701 114
8702 117
8703 122
8704 129
8705 138
8706 149
8707 162
8708 177
8709 194
8710 114
8711 115
8712 118
8713 123
8714 130
8715 139
8716 150
8717 163
8718 178
8719 195
8720 117
8721 118
8722 121
8723 126
8724 133
8725 142
8726 153
8727 166
8728 181
8729 198
8730 122
8731 123
8732 126
8733 131
8734 138
8735 147
8736 158
8737 171
8738 186
8739 203
8740 129
8741 130
8742 133
8743 138
8744 145
8745 154
8746 165
8747 178
8748 193
8749 210
8750 138
8751 139
8752 142
8753 147
8754 154
8755 163
8756 174
8757 187
8758 202
8759 219
8760 149
8761 150
8762 153
8763 158
8764 165
8765 174
8766 185
8767 198
8768 213
8769 230
8770 162
8771 163
8772 166
8773 171
8774 178
8775 187
8776 198
8777 211
8778 226
8779 243
8780 177
8781 178
8782 181
8783 186
8784 193
8785 202
8786 213
8787 226
8788 241
8789 258
8790 194
8791 195
8792 198
8793 203
8794 210
8795 219
8796 230
8797 243
8798 258
8799 275
8800 128
8801 129
8802 132
8803 137
8804 144
8805 153
8806 164
8807 177
8808 192
8809 209
8810 129
8811 130
8812 133
8813 138
8814 145
8815 154
8816 165
8817 178
8818 193
8819 210
8820 132
8821 133
8822 136
8823 141
8824 148
8825 157
8826 168
8827 181
8828 196
8829 213
8830 137
8831 138
8832 141
8833 146
8834 153
8835 162
8836 173
8837 186
8838 201
8839 218
8840 144
8841 145
8842 148
8843 153
8844 160
8845 169
8846 180
8847 193
8848 208
8849 225
8850 153
8851 154
8852 157
8853 162
8854 169
8855 178
8856 189
8857 202
8858 217
8859 234
8860 164
8861 165
8862 168
8863 173
8864 180
8865 189
8866 200
8867 213
8868 228
8869 245
8870 177
8871 178
8872 181
8873 186
8874 193
8875 202
8876 213
8877 226
8878 241
8879 258
8880 192
8881 193
8882 196
8883 201
8884 208
8885 217
8886 228
8887 241
8888 256
8889 273
8890 209
8891 210
8892 213
8893 218
8894 225
8895 234
8896 245
8897 258
8898 273
8899 290
8900 145
8901 146
8902 149
8903 154
8904 161
8905 170
8906 181
8907 194
8908 209
8909 226
8910 146
8911 147
8912 150
8913 155
8914 162
8915 171
8916 182
8917 195
8918 210
8919 227
8920 149
8921 150
8922 153
8923 158
8924 165
8925 174
8926 185
8927 198
8928 213
8929 230
8930 154
8931 155
8932 158
8933 163
8934 170
8935 179
8936 190
8937 203
8938 218
8939 235
8940 161
8941 162
8942 165
8943 170
8944 177
8945 186
8946 197
8947 210
8948 225
8949 242
8950 170
8951 171
8952 174
8953 179
8954 186
8955 195
8956 206
8957 219
8958 234
8959 251
8960 181
8961 182
8962 185
8963 190
8964 197
8965 206
8966 217
8967 230
8968 245
8969 262
8970 194
8971 195
8972 198
8973 203
8974 210
8975 219
8976 230
8977 243
8978 258
8979 275
8980 209
8981 210
8982 213
8983 218
8984 225
8985 234
8986 245
8987 258
8988 273
8989 290
8990 226
8991 227
8992 230
8993 235
8994 242
8995 251
8996 262
8997 275
8998 290
8999 307
9000 81
9001 82
9002 85
9003 90
9004 97
9005 106
9006 117
9007 130
9008 145
9009 162
9010 82
9011 83
9012 86
9013 91
9014 98
9015 107
9016 118
9017 131
9018 146
9019 163
9020 85
9021 86
9022 89
9023 94
9024 101
9025 110
9026 121
9027 134
9028 149
9029 166
9030 90
9031 91
9032 94
9033 99
9034 106
9035 115
9036 126
9037 139
9038 154
9039 171
9040 97
9041 98
9042 101
9043 106
9044 113
9045 122
9046 133
9047 146
9048 161
9049 178
9050 106
9051 107
9052 110
9053 115
9054 122
9055 131
9056 142
9057 155
9058 170
9059 187
9060 117
9061 118
9062 121
9063 126
9064 133
9065 142
9066 153
9067 166
9068 181
9069 198
9070 130
9071 131
9072 134
9073 139
9074 146
9075 155
9076 166
9077 179
9078 194
9079 211
9080 145
9081 146
9082 149
9083 154
9084 161
9085 170
9086 181
9087 194
9088 209
9089 226
9090 162
9091 163
9092 166
9093 171
9094 178
9095 187
9096 198
9097 211
9098 226
9099 243
9100 82
9101 83
9102 86
9103 91
9104 98
9105 107
9106 118
9107 131
9108 146
9109 163
9110 83
9111 84
9112 87
9113 92
9114 99
9115 108
9116 119
9117 132
9118 147
9119 164
9120 86
9121 87
9122 90
9123 95
9124 102
9125 111
9126 122
9127 135
9128 150
9129 167
9130 91
9131 92
9132 95
9133 100
9134 107
9135 116
9136 127
9137 140
9138 155
9139 172
9140 98
9141 99
9142 102
9143 107
9144 114
9145 123
9146 134
9147 147
9148 162
9149 179
9150 107
9151 108
9152 111
9153 116
9154 123
9155 132
9156 143
9157 156
9158 171
9159 188
9160 118
9161 119
9162 122
9163 127
9164 134
9165 143
9166 154
9167 167
9168 182
9169 199
9170 131
9171 132
9172 135
9173 140
9174 147
9175 156
9176 167
9177 180
9178 195
9179 212
9180 146
9181 147
9182 150
9183 155
9184 162
9185 171
9186 182
9187 195
9188 210
9189 227
9190 163
9191 164
9192 167
9193 172
9194 179
9195 188
9196 199
9197 212
9198 227
9199 244
9200 85
9201 86
9202 89
9203 94
9204 101
9205 110
9206 121
9207 134
9208 149
9209 166
9210 86
9211 87
9212 90
9213 95
9214 102
9215 111
9216 122
9217 135
9218 150
9219 167
9220 89
9221 90
9222 93
9223 98
9224 105
9225 114
9226 125
9227 138
9228 153
9229 170
9230 94
9231 95
9232 98
9233 103
9234 110
9235 119
9236 130
9237 143
9238 158
9239 175
9240 101
9241 102
9242 105
9243 110
9244 117
9245 126
9246 137
9247 150
9248 165
9249 182
9250 110
9251 111
9252 114
9253 119
9254 126
9255 135
9256 146
9257 159
9258 174
9259 191
9260 121
9261 122
9262 125
9263 130
9264 137
9265 146
9266 157
9267 170
9268 185
9269 202
9270 134
9271 135
9272 138
9273 143
9274 150
9275 159
9276 170
9277 183
9278 198
9279 215
9280 149
9281 150
9282 153
9283 158
9284 165
9285 174
9286 185
9287 198
9288 213
9289 230
9290 166
9291 167
9292 170
9293 175
9294 182
9295 191
9296 202
9297 215
9298 230
9299 247
9300 90
9301 91
9302 94
9303 99
9304 106
9305 115
9306 126
9307 139
9308 154
9309 171
9310 91
9311 92
9312 95
9313 100
9314 107
9315 116
9316 127
9317 140
9318 155
9319 172
9320 94
9321 95
9322 98
9323 103
9324 110
9325 119
9326 130
9327 143
9328 158
9329 175
9330 99
9331 100
9332 103
9333 108
9334 115
9335 124
9336 135
9337 148
9338 163
9339 180
9340 106
9341 107
9342 110
9343 115
9344 122
9345 131
9346 142
9347 155
9348 170
9349 187
9350 115
9351 116
9352 119
9353 124
9354 131
9355 140
9356 151
9357 164
9358 179
9359 196
9360 126
9361 127
9362 130
9363 135
9364 142
9365 151
9366 162
9367 175
9368 190
9369 207
9370 139
9371 140
9372 143
9373 148
9374 155
9375 164
9376 175
9377 188
9378 203
9379 220
9380 154
9381 155
9382 158
9383 163
9384 170
9385 179
9386 190
9387 203
9388 218
9389 235
9390 171
9391 172
9392 175
9393 180
9394 187
9395 196
9396 207
9397 220
9398 235
9399 252
9400 97
9401 98
9402 101
9403 106
9404 113
9405 122
9406 133
9407 146
9408 161
9409 178
9410 98
9411 99
9412 102
9413 107
9414 114
9415 123
9416 134
9417 147
9418 162
9419 179
9420 101
9421 102
9422 105
9423 110
9424 117
9425 126
9426 137
9427 150
9428 165
9429 182
9430 106
9431 107
9432 110
9433 115
9434 122
9435 131
9436 142
9437 155
9438 170
9439 187
9440 113
9441 114
9442 117
9443 122
9444 129
9445 138
9446 149
9447 162
9448 177
9449 194
9450 122
9451 123
9452 126
9453 131
9454 138
9455 147
9456 158
9457 171
9458 186
9459 203
9460 133
9461 134
9462 137
9463 142
9464 149
9465 158
9466 169
9467 182
9468 197
9469 214
9470 146
9471 147
9472 150
9473 155
9474 162
9475 171
9476 182
9477 195
9478 210
9479 227
9480 161
9481 162
9482 165
9483 170
9484 177
9485 186
9486 197
9487 210
9488 225
9489 242
9490 178
9491 179
9492 182
9493 187
9494 194
9495 203
9496 214
9497 227
9498 242
9499 259
9500 106
9501 107
9502 110
9503 115
9504 122
9505 131
9506 142
9507 155
9508 170
9509 187
9510 107
9511 108
9512 111
9513 116
9514 123
9515 132
9516 143
9517 156
9518 171
9519 188
9520 110
9521 111
9522 114
9523 119
9524 126
9525 135
9526 146
9527 159
9528 174
9529 191
9530 115
9531 116
9532 119
9533 124
9534 131
9535 140
9536 151
9537 164
9538 179
9539 196
9540 122
9541 123
9542 126
9543 131
9544 138
9545 147
9546 158
9547 171
9548 186
9549 203
9550 131
9551 132
9552 135
9553 140
9554 147
9555 156
9556 167
9557 180
9558 195
9559 212
9560 142
9561 143
9562 146
9563 151
9564 158
9565 167
9566 178
9567 191
9568 206
9569 223
9570 155
9571 156
9572 159
9573 164
9574 171
9575 180
9576 191
9577 204
9578 219
9579 236
9580 170
9581 171
9582 174
9583 179
9584 186
9585 195
9586 206
9587 219
9588 234
9589 251
9590 187
9591 188
9592 191
9593 196
9594 203
9595 212
9596 223
9597 236
9598 251
9599 268
9600 117
9601 118
9602 121
9603 126
9604 133
9605 142
9606 153
9607 166
9608 181
9609 198
9610 118
9611 119
9612 122
9613 127
9614 134
9615 143
9616 154
9617 167
9618 182
9619 199
9620 121
9621 122
9622 125
9623 130
9624 137
9625 146
9626 157
9627 170
9628 185
9629 202
9630 126
9631 127
9632 130
9633 135
9634 142
9635 151
9636 162
9637 175
9638 190
9639 207
9640 133
9641 134
9642 137
9643 142
9644 149
9645 158
9646 169
9647 182
9648 197
9649 214
9650 142
9651 143
9652 146
9653 151
9654 158
9655 167
9656 178
9657 191
9658 206
9659 223
9660 153
9661 154
9662 157
9663 162
9664 169
9665 178
9666 189
9667 202
9668 217
9669 234
9670 166
9671 167
9672 170
9673 175
9674 182
9675 191
9676 202
9677 215
9678 230
9679 247
9680 181
9681 182
9682 185
9683 190
9684 197
9685 206
9686 217
9687 230
9688 245
9689 262
9690 198
9691 199
9692 202
9693 207
9694 214
9695 223
9696 234
9697 247
9698 262
9699 279
9700 130
9701 131
9702 134
9703 139
9704 146
9705 155
9706 166
9707 179
9708 194
9709 211
9710 131
9711 132
9712 135
9713 140
9714 147
9715 156
9716 167
9717 180
9718 195
9719 212
9720 134
9721 135
9722 138
9723 143
9724 150
9725 159
9726 170
9727 183
9728 198
9729 215
9730 139
9731 140
9732 143
9733 148
9734 155
9735 164
9736 175
9737 188
9738 203
9739 220
9740 146
9741 147
9742 150
9743 155
9744 162
9745 171
9746 182
9747 195
9748 210
9749 227
9750 155
9751 156
9752 159
9753 164
9754 171
9755 180
9756 191
9757 204
9758 219
9759 236
9760 166
9761 167
9762 170
9763 175
9764 182
9765 191
9766 202
9767 215
9768 230
9769 247
9770 179
9771 180
9772 183
9773 188
9774 195
9775 204
9776 215
9777 228
9778 243
9779 260
9780 194
9781 195
9782 198
9783 203
9784 210
9785 219
9786 230
9787 243
9788 258
9789 275
9790 211
9791 212
9792 215
9793 220
9794 227
9795 236
9796 247
9797 260
9798 275
9799 292
9800 145
9801 146
9802 149
9803 154
9804 161
9805 170
9806 181
9807 194
9808 209
9809 226
9810 146
9811 147
9812 150
9813 155
9814 162
9815 171
9816 182
9817 195
9818 210
9819 227
9820 149
9821 150
9822 153
9823 158
9824 165
9825 174
9826 185
9827 198
9828 213
9829 230
9830 154
9831 155
9832 158
9833 163
9834 170
9835 179
9836 190
9837 203
9838 218
9839 235
9840 161
9841 162
9842 165
9843 170
9844 177
9845 186
9846 197
9847 210
9848 225
9849 242
9850 170
9851 171
9852 174
9853 179
9854 186
9855 195
9856 206
9857 219
9858 234
9859 251
9860 181
9861 182
9862 185
9863 190
9864 197
9865 206
9866 217
9867 230
9868 245
9869 262
9870 194
9871 195
9872 198
9873 203
9874 210
9875 219
9876 230
9877 243
9878 258
9879 275
9880 209
9881 210
9882 213
9883 218
9884 225
9885 234
9886 245
9887 258
9888 273
9889 290
9890 226
9891 227
9892 230
9893 235
9894 242
9895 251
9896 262
9897 275
9898 290
9899 307
9900 162
9901 163
9902 166
9903 171
9904 178
9905 187
9906 198
9907 211
9908 226
9909 243
9910 163
9911 164
9912 167
9913 172
9914 179
9915 188
9916 199
9917 212
9918 227
9919 244
9920 166
9921 167
9922 170
9923 175
9924 182
9925 191
9926 202
9927 215
9928 230
9929 247
9930 171
9931 172
9932 175
9933 180
9934 187
9935 196
9936 207
9937 220
9938 235
9939 252
9940 178
9941 179
9942 182
9943 187
9944 194
9945 203
9946 214
9947 227
9948 242
9949 259
9950 187
9951 188
9952 191
9953 196
9954 203
9955 212
9956 223
9957 236
9958 251
9959 268
9960 198
9961 199
9962 202
9963 207
9964 214
9965 223
9966 234
9967 247
9968 262
9969 279
9970 211
9971 212
9972 215
9973 220
9974 227
9975 236
9976 247
9977 260
9978 275
9979 292
9980 226
9981 227
9982 230
9983 235
9984 242
9985 251
9986 262
9987 275
9988 290
9989 307
9990 243
9991 244
9992 247
9993 252
9994 259
9995 268
9996 279
9997 292
9998 307
9999 324
10000 1






