1 1
2 3
3 0
4 4
5 1
6 7
7 0
8 8
9 1
10 11
11 0
12 12
13 1
14 15
15 0
16 16
17 1
18 19
19 0
20 20
--Xor sum 

m : 1
1 1
2 2
3 3
4 4
5 5
6 6
7 7
8 8
9 9
10 10
11 11
12 12
13 13
14 14
15 15
16 16
17 17
18 18
19 19
20 20
-------
m : 2
1 3
2 1
3 7
4 1
5 3
6 1
7 15
8 1
9 3
10 1
11 7
12 1
13 3
14 1
15 31
16 1
17 3
18 1
19 7
20 1
-------
m : 3
1 0
2 5
3 2
4 7
5 4
6 9
7 6
8 11
9 8
10 13
11 10
12 15
13 12
14 17
15 14
16 19
17 16
18 21
19 18
20 23
-------
m : 4
1 4
2 0
3 4
4 0
5 12
6 0
7 12
8 0
9 4
10 0
11 4
12 0
13 28
14 0
15 28
16 0
17 4
18 0
19 4
20 0
-------
m : 5
1 1
2 6
3 3
4 8
5 5
6 10
7 7
8 12
9 9
10 14
11 11
12 16
13 13
14 18
15 15
16 20
17 17
18 22
19 19
20 24
-------
m : 6
1 7
2 1
3 11
4 1
5 15
6 1
7 11
8 1
9 7
10 1
11 27
12 1
13 31
14 1
15 27
16 1
17 7
18 1
19 11
20 1
-------
m : 7
1 0
2 9
3 2
4 11
5 4
6 13
7 6
8 15
9 8
10 17
11 10
12 19
13 12
14 21
15 14
16 23
17 16
18 25
19 18
20 27
-------
m : 8
1 8
2 0
3 8
4 0
5 8
6 0
7 8
8 0
9 24
10 0
11 24
12 0
13 24
14 0
15 24
16 0
17 8
18 0
19 8
20 0
-------
m : 9
1 1
2 10
3 3
4 12
5 5
6 14
7 7
8 16
9 9
10 18
11 11
12 20
13 13
14 22
15 15
16 24
17 17
18 26
19 19
20 28
-------
m : 10
1 11
2 1
3 15
4 1
5 11
6 1
7 23
8 1
9 27
10 1
11 31
12 1
13 27
14 1
15 23
16 1
17 11
18 1
19 15
20 1
-------
